2.0512836573596056 1.2246467991473532e-16
2.0512787126770515 0.003144732207736687
2.051263878678289 0.006289433316067838
2.0512391555100167 0.009434072225897048
2.051204543416731 0.012578617838741112
2.0511600427407237 0.015723039057041255
2.051105653922079 0.018867304784467107
2.051041377498666 0.02201138392622778
2.0509672141061395 0.02515524538937583
2.050883164477927 0.028298858083118276
2.0507892294452272 0.03144219091912055
2.050685409936997 0.034585212811817465
2.050571706979946 0.037727892678717095
2.050448121698523 0.0408701994407117
2.05031465531491 0.04401210202238199
2.0501713091490035 0.04715356935230575
2.050018084618406 0.05029457036336647
2.0498549832384114 0.05343507399305747
2.0496820066219885 0.0565750491837926
2.0494991564797664 0.059714464883209896
2.0493064346200165 0.06285329004448216
2.0491038429486363 0.06599149362662048
2.0488913834691282 0.06912904459478472
2.0486690582825817 0.07226591192058694
2.048436869587652 0.07540206458240174
2.0481948196805377 0.07853747156566952
2.0479429109549585 0.08167210186320675
2.047681145902132 0.0848059244755095
2.0474095271107484 0.08793890841106133
2.0471280572669452 0.09107102268664109
2.0468367391542803 0.0942022363276263
2.0465355756537047 0.09733251836830287
2.046224569743534 0.10046183785216796
2.0459037244994205 0.10359016383223951
2.0455730430943184 0.10671746537135887
2.045232528798458 0.1098437115425002
2.0448821849793086 0.11296887142907278
2.0445220151015486 0.11609291412523036
2.0441520227270296 0.11921580873617325
2.0437722115147405 0.12233752437845731
2.043382585220774 0.12545803018029633
2.0429831476982865 0.12857729528186873
2.042573902897461 0.13169528883562387
2.0421548548654695 0.13481198000658423
2.0417260077464303 0.1379273379726538
2.0412873657813693 0.1410413319249193
2.0408389333081773 0.14415393106795849
2.040380714761567 0.1472651046201411
2.039912714673028 0.15037482181393685
2.039434937670785 0.1534830518962162
2.0389473884797487 0.1565897641285578
2.038450071921471 0.15969492778754932
2.0379429929140978 0.16279851216509442
2.0374261564723173 0.16590048656871365
2.036899567707314 0.16900082032184913
2.036363231826717 0.17209948276416928
2.0358171541345476 0.175196443251869
2.035261340031167 0.17829167115797617
2.0346957950132243 0.18138513587265107
2.0341205246736003 0.18447680680349252
2.0335355347013535 0.18756665337583708
2.0329408308816634 0.1906546450330647
2.0323364190957736 0.19374075123689755
2.0317223053209323 0.19682494146770552
2.031098495630335 0.19990718522480447
2.0304649961930634 0.2029874520267614
2.029821813274025 0.20606571141169283
2.029168953233891 0.20914193293756742
2.028506422529031 0.21221608618250815
2.027834227711455 0.21528814074509034
2.0271523754287415 0.21835806624464565
2.0264608724239777 0.2214258323215591
2.0257597255356887 0.22449140863757278
2.025048941697772 0.2275547648760823
2.0243285279394296 0.2306158707424403
2.0235984913850946 0.23367469596425233
2.022858839254366 0.23673121029167984
2.0221095788619334 0.23978538349773584
2.0213507176175063 0.24283718537858723
2.020582263025741 0.24588658575385053
2.019804222686165 0.24893355446689167
2.019016604293104 0.2519780613851254
2.018219415635604 0.25502007640031044
2.0174126645973534 0.2580595694288504
2.016596359156609 0.2610965104120882
2.0157705073861125 0.26413086931660645
2.0149351174530143 0.26716261613452125
2.01409019761879 0.27019172088378224
2.01323575623916 0.2732181536084662
2.0123718017640084 0.2762418843790745
2.011498342737295 0.27926288329282994
2.010615387796976 0.28228112047397175
2.0097229456749144 0.28529656607405
2.0088210251967964 0.28830919027222185
2.0079096352820436 0.2913189632755474
2.0069887849437227 0.2943258553192818
2.0060584832884594 0.2973298366671725
2.005118739516346 0.3003308776117504
2.0041695629208522 0.30332894847462677
2.003210962888732 0.30632401960678335
2.002242948899931 0.309316061388869
2.0012655305274927 0.31230504423148975
2.0002787174374643 0.31529093857550256
1.999282519388801 0.3182737148923084
1.9982769462332688 0.32125334368414377
1.997262007915348 0.3242297954843712
1.996237714472134 0.32720304085777163
1.9952040760332386 0.33017305040083694
1.9941611028206898 0.33313979474205757
1.9931088051488304 0.33610324454221624
1.9920471934242165 0.33906337049467516
1.990976278145514 0.3420201433256689
1.989896069903395 0.3449735337945904
1.988806579380433 0.347923512694284
1.9877078173509979 0.35087005085133083
1.9865997946811484 0.3538131191263388
1.9854825223285255 0.3567526884142316
1.984356011342243 0.35968872964453574
1.9832202728627795 0.3626212137816671
1.9820753181218675 0.365550111825219
1.9809211584423827 0.3684753948102501
1.9797578052382314 0.3713970338075681
1.978585270014238 0.37431499992401907
1.9774035643660315 0.3772292643027698
1.9762126999799308 0.38013979812359683
1.975012688632828 0.3830465726031676
1.973803542192074 0.38594955899532885
1.9725852726153597 0.3888487285913878
1.971357891950597 0.3917440527203974
1.9701214123358017 0.3946355027494407
1.9688758459989721 0.397523050083913
1.9676212052579687 0.40040666616780407
1.9663575025203917 0.4032863224839813
1.9650847502834587 0.4061619905544726
1.9638029611338816 0.4090336419407459
1.9625121477477412 0.4119012482439928
1.9612123228903624 0.41476478110540693
1.9599034994161875 0.41762421220646706
1.95858569026865 0.42047951326921423
1.9572589084800454 0.4233306560565345
1.9559231671714037 0.42617761237243557
1.954578479552358 0.42902035406232647
1.9532248589210153 0.43185885301329724
1.951862318663824 0.43469308115439564
1.9504908722554424 0.4375230104569045
1.9491105332586047 0.4403486129346193
1.9477213153239874 0.4431698606441263
1.9463232321900734 0.44598672568507597
1.9449162976830179 0.44879918020046233
1.9435005257165094 0.45160719637689495
1.942075930291634 0.45441074644487756
1.9406425254967359 0.457209802679079
1.9392003255072785 0.4600043373986111
1.9377493445857041 0.4627943229672993
1.936289597081293 0.4655797317939572
1.9348210974300208 0.4683605363326604
1.9333438601544168 0.47113670908301786
1.9318578998634202 0.47390822259044335
1.9303632312522345 0.4766750494464274
1.9288598691021832 0.47943716228880995
1.9273478282805638 0.4821945338020477
1.9258271237404998 0.4849471367174879
1.9242977705207938 0.4876949438136345
1.922759783745778 0.4904379279164206
1.9212131786251654 0.49317606189947427
1.9196579704538983 0.49590931868438953
1.9180941746119984 0.49863767124099173
1.9165218065644138 0.501361092587606
1.9149408818608662 0.5040795557913245
1.913351416135697 0.5067930339682726
1.911753425107713 0.5095015002838733
1.9101469245800318 0.5122049279531143
1.9085319304399224 0.5149032902408128
1.9069084586586524 0.5175965604618784
1.9052765252913262 0.5202847119815791
1.9036361464767297 0.5229677182158023
1.901987338437167 0.5256455526313208
1.9003301174783034 0.5283181887460513
1.8986644999890019 0.5309856001293204
1.8969905024411615 0.5336477604021226
1.895308141389556 0.5363046432373825
1.8936174334716673 0.5389562223602162
1.8919183954075238 0.5416024715481901
1.8902110439995328 0.5442433646315792
1.8884953961323163 0.5468788754936273
1.8867714687725419 0.5495089780708062
1.8850392789687573 0.5521336463530702
1.883298843851219 0.5547528543841173
1.8815501806317263 0.5573665762616421
1.8797933066034478 0.5599747861375954
1.8780282391407521 0.562577458218437
1.8762549956990358 0.5651745667653928
1.8744735938145507 0.567766086094708
1.8726840511042309 0.5703519905779014
1.8708863852655173 0.5729322546420198
1.8690806140761833 0.57550685276989
1.86726675539416 0.5780757595003709
1.8654448271573585 0.5806389494286055
1.8636148473834915 0.5831963972062735
1.8617768341698977 0.5857480775418393
1.8599308056933603 0.5882939652008052
1.85807678020993 0.5908340350059579
1.8562147760547405 0.5933682618376204
1.8543448116418313 0.5958966206338976
1.852466905463963 0.5984190863909269
1.8505810760924355 0.6009356341631231
1.8486873421769046 0.6034462390634262
1.8467857224451958 0.6059508762635479
1.8448762357031205 0.6084495209942171
1.8429589008342908 0.6109421485454231
1.8410337367999317 0.6134287342666618
1.8391007626386924 0.6159092535671797
1.8371599974664605 0.6183836819162153
1.8352114604761711 0.6208519948432437
1.8332551709376186 0.6233141679382166
1.8312911481972638 0.6257701768518059
1.8293194116780453 0.6282199972956422
1.8273399808791846 0.6306636050425573
1.825352875375996 0.6331009759268215
1.8233581148196918 0.635532085844384
1.821355718937187 0.6379569107531118
1.8193457075309052 0.6403754266730259
1.8173281004785835 0.6427876096865395
1.8153029177330748 0.6451934359386934
1.8132701793221506 0.6475928816373941
1.8112299053483032 0.6499859230536466
1.8091821159885466 0.6523725365217911
1.8071268314942177 0.6547526984397349
1.805064072190775 0.6571263852691887
1.802993858477599 0.6594935735358958
1.800916210827788 0.661854239829868
1.798831149787959 0.6642083608056142
1.7967386959780418 0.6665559131823721
1.7946388700910758 0.6688968737443394
1.792531692893006 0.6712312193409028
1.7904171852224766 0.673558926886866
1.7882953679906268 0.675879973362679
1.7861662621808814 0.6781943358146665
1.7840298888487456 0.6805019913552524
1.7818862691215942 0.6828029171631891
1.7797354241984662 0.6850970904837811
1.7775773753498525 0.6873844886291103
1.775412143917486 0.6896650889782618
1.77323975131413 0.6919388689775462
1.7710602190233689 0.6942058061407227
1.7688735685993935 0.6964658780492218
1.7666798216667876 0.6987190623523672
1.7644789999203159 0.7009653367675974
1.7622711251247078 0.7032046790806841
1.760056219114444 0.7054370671459531
1.7578343037935378 0.7076624788865045
1.755605401135322 0.7098808922944286
1.7533695331822279 0.7120922854310257
1.7511267220455706 0.7142966364270211
1.7488769899053285 0.7164939234827834
1.7466203590099236 0.7186841248685383
1.7443568516760026 0.720867218924585
1.7420864902882163 0.7230431840615095
1.7398092972989976 0.7252119987603973
1.7375252952283393 0.7273736415730485
1.7352345066635713 0.7295280911221884
1.7329369542591384 0.7316753261016785
1.7306326607363753 0.7338153252767277
1.7283216488832818 0.7359480674841035
1.7260039415542983 0.738073531632339
1.723679561670078 0.7401916967019436
1.7213485322172626 0.7423025417456095
1.7190108762482539 0.744406045888419
1.716666616880985 0.7465021883280519
1.7143157772986921 0.7485909483349906
1.711958380749687 0.7506723052527245
1.7095944505471243 0.7527462384979549
1.7072240100687734 0.7548127275607988
1.704847082756785 0.7568717520049918
1.7024636921174612 0.758923291468089
1.700073861721023 0.7609673256616676
1.6976776152013748 0.7630038343715274
1.6952749762558739 0.7650327974578899
1.6928659686450938 0.7670541948555988
1.6904506161925903 0.769068006574317
1.688028942784666 0.7710742126987248
1.6856009723701333 0.7730727933887176
1.6831667289600776 0.7750637288796016
1.6807262366276212 0.7770469994822886
1.678279519507684 0.7790225855834911
1.6758266017967443 0.7809904676459176
1.6733675077526016 0.7829506262084631
1.6709022616941342 0.7849030418864046
1.668430888001061 0.7868476953715899
1.6659534111136978 0.7887845674326315
1.6634698555327194 0.7907136389150937
1.6609802458189125 0.7926348907416848
1.658484606592937 0.7945483039124439
1.6559829625350808 0.7964538595049291
1.6534753383850154 0.7983515386744058
1.6509617589415504 0.8002413226540321
1.6484422490623916 0.802123192755044
1.6459168336638923 0.8039971303669405
1.6433855377208064 0.8058631169576692
1.640848386266045 0.8077211340738067
1.6383054043904242 0.8095711633407441
1.6357566172424205 0.8114131864628658
1.6332020500279207 0.8132471852237331
1.6306417280099725 0.8150731414862622
1.6280756765085354 0.8168910371929055
1.6255039209002289 0.8187008543658283
1.6229264866180841 0.8205025751070876
1.6203433991512894 0.8222961815988094
1.6177546840449395 0.8240816561033644
1.6151603668997834 0.8258589809635433
1.6125604733719707 0.8276281386027312
1.6099550291727975 0.8293891115250829
1.6073440600684532 0.8311418823156935
1.6047275918797639 0.8328864336407735
1.6021056504819398 0.8346227482478172
1.5994782618043153 0.8363508089657762
1.5968454518300976 0.8380705987052265
1.5942072465961048 0.8397821004585397
1.5915636721925122 0.8414852973000504
1.5889147547625928 0.8431801723862224
1.5862605205024574 0.8448667089558177
1.5836009956607975 0.8465448903300605
1.5809362065386259 0.8482146999128024
1.5782661794890152 0.8498761211906865
1.5755909409168374 0.8515291377333112
1.5729105172785034 0.8531737331933928
1.5702249350817012 0.8548098913069261
1.567534220885134 0.8564375958933461
1.5648384012982572 0.8580568308556876
1.5621375029810143 0.8596675801807452
1.559431552643575 0.8612698279392308
1.55672057704607 0.8628635582859312
1.5540046029983272 0.864448755459865
1.5512836573596056 0.8660254037844386
1.5485577670383297 0.8675934876676012
1.545826958991824 0.869152991601999
1.5430912602260474 0.8707039001651276
1.5403506977953227 0.8722461980194862
1.5376052988020725 0.8737798699127285
1.5348550903965499 0.8753049006778131
1.53210009977657 0.8768212752331537
1.5293403541872417 0.8783289785827687
1.5265758809206957 0.8798279958164293
1.5238067073158175 0.881318312109807
1.5210328607579762 0.8827999127246198
1.5182543686787535 0.8842727830087778
1.5154712585556718 0.8857369083965293
1.5126835579119229 0.887192274408604
1.5098912943160963 0.8886388666523559
1.507094495381907 0.8900766708219059
1.50429318876792 0.8915056726982837
1.501487402177279 0.8929258581495685
1.4986771633574323 0.8943372131310273
1.495862500099858 0.8957397236852556
1.4930434402397887 0.8971333759423141
1.4902200116559363 0.8985181561198672
1.4873922422702166 0.8998940505233182
1.484560160047474 0.9012610455459448
1.4817237929952036 0.902619127669034
1.478883169163275 0.903968283462016
1.4760383166436535 0.9053084995825966
1.473189263570125 0.9066397627768894
1.4703360381180155 0.9079620598795461
1.4674786685039136 0.9092753778138883
1.4646171829853896 0.9105797035920355
1.4617516098607193 0.9118750243150338
1.4588819774686017 0.9131613271729834
1.456008314187879 0.9144385994451657
1.4531306484372566 0.9157068285001692
1.450249008675022 0.9169660017960134
1.4473634233987624 0.918216106880274
1.4444739211450845 0.9194571313902055
1.4415805304893312 0.9206890630528631
1.4386832800452987 0.9219118896852251
1.4357821984649548 0.9231255991943124
1.4328773144381541 0.9243301795773083
1.4299686566923557 0.925525618921678
1.427056253992338 0.926711905405285
1.424140135139914 0.9278890272965093
1.4212203289736487 0.9290569729543627
1.418296864368571 0.9302157308286043
1.4153697702358894 0.9313652894598542
1.4124390755227068 0.9325056374797075
1.409504809211733 0.9336367636108461
1.4065670003209991 0.9347586566671511
1.40362567790357 0.935871305553812
1.4006808710472565 0.936974699267438
1.3977326088743292 0.9380688268961658
1.394780920541229 0.9391536776197678
1.3918258352382793 0.9402292407097589
1.388867382189398 0.9412955055295033
1.385905590651807 0.9423524615343186
1.3829404899157445 0.9434000982715812
1.3799721093041744 0.9444384053808289
1.377000478172496 0.9454673725938635
1.3740256259082548 0.9464869897348525
1.371047581930851 0.9474972467204298
1.3680663756912483 0.9484981335597952
1.3650820366716843 0.9494896403548133
1.3620945943853768 0.9504717573001115
1.3591040783762334 0.9514444746831766
1.3561105182185589 0.9524077828844514
1.3531139435167625 0.9533616723774293
1.3501143839050656 0.9543061337287488
1.347111869047208 0.9552411575982869
1.344106428636156 0.956166734739251
1.3410980923938067 0.9570828559982708
1.338086890070696 0.9579895123154889
1.3350728514457024 0.9588866947246497
1.332056006325755 0.959774394353189
1.3290363845455362 0.960652602422321
1.3260140159671885 0.9615213102471255
1.3229889304800182 0.9623805092366335
1.3199611580002002 0.9632301908939126
1.3169307284704819 0.9640703468161507
1.3138976718598876 0.964900968694739
1.3108620181634212 0.9657220483153546
1.3078237974017706 0.9665335775580414
1.3047830396210103 0.9673355483972902
1.301739774892304 0.9681279529021187
1.298694033311608 0.9689107832361495
1.2956458449993726 0.9696840316576876
1.292595240100245 0.970447690519797
1.2895422487827706 0.9712017522703763
1.2864869012390956 0.9719462094522336
1.2834292276846673 0.97268105470316
1.2803692583579356 0.9734062807560027
1.2773070235200548 0.9741218804387363
1.274242553454583 0.9748278466745341
1.2711758784671832 0.9755241724818388
1.2681070288853247 0.9762108509744296
1.2650360350579812 0.9768878753614926
1.2619629273553319 0.9775552389476863
1.258887736168461 0.9782129351332084
1.2558104919090565 0.9788609574138615
1.252731225009111 0.9794992993811165
1.2496499659206186 0.9801279547221766
1.2465667451152758 0.9807469172200396
1.2434815930841785 0.9813561807535595
1.240394540337522 0.9819557392975067
1.2373056174042978 0.9825455869226277
1.2342148548319924 0.9831257177957042
1.2311222831862854 0.9836961261796101
1.2280279330507473 0.9842568064333687
1.224931835026536 0.984807753012208
1.2218340197320954 0.9853489604676164
1.218734517802852 0.9858804234473958
1.2156333598909117 0.9864021366957145
1.2125305766647578 0.98691409505316
1.2094261988089465 0.9874162934567889
1.2063202570238034 0.9879087269401781
1.2032127820251213 0.9883913906334728
1.2001038045438548 0.9888642797634357
1.1969933553258172 0.9893273896534935
1.1938814651313767 0.9897807157237835
1.1907681647351511 0.9902242534911985
1.1876534849257054 0.9906579985694317
1.1845374565052453 0.9910819466690196
1.1814201102893134 0.9914960935973848
1.1783014771064844 0.9919004352588768
1.1751815877980607 0.9922949676548137
1.1720604732177669 0.9926796868835203
1.1689381642314443 0.9930545891403677
1.1658146917167467 0.9934196707178107
1.162690086562834 0.9937749280054242
1.1595643796700676 0.9941203574899392
1.156437601949704 0.9944559557552776
1.1533097843235898 0.9947817194825853
1.1501809577238553 0.995097645450266
1.1470511530926095 0.9954037305340125
1.1439204013816329 0.9956999717068377
1.140788733552072 0.9959863660391044
1.137656180574134 0.9962629106985544
1.1345227734267784 0.9965296029503367
1.1313885430974127 0.9967864401570343
1.1282535205815851 0.9970334197786902
1.1251177368826777 0.9972705393728327
1.1219812230116004 0.9974977965944997
1.118844009986484 0.9977151891962615
1.115706128832374 0.9979227150282433
1.112567610580922 0.9981203720381463
1.1094284862700814 0.9983081582712682
1.1062887869437987 0.9984860718705224
1.1031485436517066 0.9986541110764564
1.1000077874488177 0.9988122742272691
1.0968665493952168 0.9989605597588275
1.093724860555754 0.9990989662046814
1.090582751999737 0.9992274921960794
1.0874402548006248 0.9993461364619809
1.0842974000357193 0.9994548978290693
1.081154218785859 0.9995537752217638
1.0780107421351106 0.9996427676622299
1.0748670011704626 0.9997218742703887
1.071723026981517 0.9997910942639262
1.068578850660183 0.9998504269583004
1.0654345033003676 0.9998998717667489
1.0622900159976703 0.9999394282002937
1.0591454198490737 0.9999690958677468
1.0560007459526377 0.999988874475714
1.0528560254071901 0.9999987638285974
1.049711289312021 0.9999987638285974
1.0465665687665735 0.999988874475714
1.0434218948701375 0.9999690958677468
1.040277298721541 0.9999394282002937
1.0371328114188436 0.9998998717667489
1.0339884640590284 0.9998504269583004
1.030844287737694 0.9997910942639262
1.0277003135487486 0.9997218742703887
1.0245565725841006 0.9996427676622299
1.0214130959333523 0.9995537752217638
1.0182699146834921 0.9994548978290693
1.0151270599185866 0.9993461364619809
1.0119845627194743 0.9992274921960794
1.0088424541634575 0.9990989662046815
1.0057007653239944 0.9989605597588275
1.0025595272703935 0.9988122742272691
0.9994187710675047 0.9986541110764564
0.9962785277754127 0.9984860718705224
0.9931388284491299 0.9983081582712682
0.9899997041382892 0.9981203720381463
0.9868611858868375 0.9979227150282433
0.9837233047327272 0.9977151891962615
0.9805860917076109 0.9974977965944997
0.9774495778365337 0.9972705393728327
0.9743137941376263 0.9970334197786902
0.9711787716217986 0.9967864401570343
0.9680445412924329 0.9965296029503368
0.9649111341450773 0.9962629106985544
0.9617785811671391 0.9959863660391044
0.9586469133375785 0.9956999717068377
0.9555161616266018 0.9954037305340125
0.952386356995356 0.995097645450266
0.9492575303956214 0.9947817194825853
0.9461297127695073 0.9944559557552776
0.9430029350491438 0.9941203574899393
0.9398772281563773 0.9937749280054242
0.9367526230024648 0.9934196707178107
0.9336291504877671 0.9930545891403677
0.9305068415014446 0.9926796868835203
0.9273857269211506 0.9922949676548137
0.924265837612727 0.991900435258877
0.9211472044298981 0.9914960935973848
0.9180298582139661 0.9910819466690197
0.9149138297935059 0.9906579985694317
0.9117991499840602 0.9902242534911986
0.9086858495878347 0.9897807157237835
0.9055739593933941 0.9893273896534935
0.9024635101753566 0.9888642797634357
0.8993545326940899 0.9883913906334728
0.8962470576954078 0.9879087269401781
0.8931411159102648 0.9874162934567889
0.8900367380544534 0.98691409505316
0.8869339548282995 0.9864021366957146
0.8838327969163595 0.9858804234473958
0.880733294987116 0.9853489604676166
0.8776354796926754 0.9848077530122081
0.8745393816684641 0.9842568064333687
0.8714450315329257 0.9836961261796101
0.8683524598872189 0.9831257177957042
0.8652616973149136 0.9825455869226277
0.8621727743816894 0.9819557392975067
0.8590857216350327 0.9813561807535595
0.8560005696039357 0.9807469172200396
0.8529173487985928 0.9801279547221766
0.8498360897101005 0.9794992993811165
0.8467568228101549 0.9788609574138615
0.8436795785507505 0.9782129351332084
0.8406043873638794 0.9775552389476863
0.8375312796612301 0.9768878753614926
0.8344602858338865 0.9762108509744296
0.8313914362520279 0.9755241724818386
0.8283247612646284 0.9748278466745341
0.8252602911991566 0.9741218804387363
0.8221980563612756 0.9734062807560027
0.819138087034544 0.9726810547031601
0.8160804134801156 0.9719462094522336
0.8130250659364406 0.9712017522703763
0.8099720746189665 0.970447690519797
0.8069214697198388 0.9696840316576877
0.8038732814076033 0.9689107832361497
0.8008275398269072 0.9681279529021188
0.797784275098201 0.9673355483972903
0.7947435173174406 0.9665335775580414
0.79170529655579 0.9657220483153546
0.7886696428593236 0.964900968694739
0.7856365862487293 0.9640703468161507
0.782606156719011 0.9632301908939126
0.779578384239193 0.9623805092366335
0.7765532987520227 0.9615213102471255
0.7735309301736751 0.9606526024223211
0.7705113083934564 0.9597743943531891
0.7674944632735089 0.9588866947246498
0.7644804246485155 0.9579895123154889
0.7614692223254046 0.9570828559982709
0.7584608860830554 0.956166734739251
0.7554554456720033 0.9552411575982869
0.7524529308141459 0.9543061337287488
0.7494533712024489 0.9533616723774293
0.7464567965006524 0.9524077828844515
0.7434632363429778 0.9514444746831767
0.7404727203338345 0.9504717573001116
0.737485278047527 0.9494896403548134
0.7345009390279629 0.9484981335597953
0.7315197327883605 0.9474972467204298
0.7285416888109564 0.9464869897348525
0.7255668365467152 0.9454673725938635
0.7225952054150369 0.9444384053808289
0.7196268248034667 0.9434000982715813
0.7166617240674041 0.9423524615343186
0.7136999325298133 0.9412955055295033
0.7107414794809319 0.9402292407097589
0.7077863941779824 0.9391536776197678
0.7048347058448821 0.9380688268961659
0.7018864436719547 0.9369746992674381
0.6989416368156414 0.935871305553812
0.6960003143982121 0.9347586566671511
0.6930625055074783 0.9336367636108462
0.6901282391965046 0.9325056374797075
0.687197544483322 0.9313652894598542
0.6842704503506405 0.9302157308286043
0.6813469857455625 0.9290569729543628
0.678427179579297 0.9278890272965093
0.6755110607268734 0.926711905405285
0.6725986580268555 0.925525618921678
0.6696900002810571 0.9243301795773083
0.6667851162542566 0.9231255991943124
0.6638840346739125 0.9219118896852251
0.6609867842298802 0.9206890630528631
0.6580933935741268 0.9194571313902055
0.6552038913204489 0.9182161068802741
0.6523183060441894 0.9169660017960134
0.6494366662819546 0.9157068285001692
0.6465590005313322 0.9144385994451658
0.6436853372506095 0.9131613271729834
0.6408157048584917 0.9118750243150338
0.6379501317338216 0.9105797035920355
0.635088646215298 0.9092753778138885
0.6322312766011959 0.9079620598795464
0.6293780511490863 0.9066397627768894
0.6265289980755581 0.9053084995825968
0.6236841455559365 0.9039682834620161
0.6208435217240074 0.902619127669034
0.6180071546717372 0.9012610455459448
0.6151750724489945 0.8998940505233182
0.6123473030632751 0.8985181561198674
0.6095238744794225 0.8971333759423141
0.6067048146193531 0.8957397236852555
0.6038901513617787 0.8943372131310272
0.6010799125419326 0.8929258581495686
0.5982741259512916 0.891505672698284
0.5954728193373047 0.8900766708219061
0.5926760204031147 0.8886388666523559
0.5898837568072887 0.8871922744086042
0.5870960561635397 0.8857369083965294
0.5843129460404575 0.8842727830087778
0.5815344539612348 0.8827999127246197
0.5787606074033936 0.881318312109807
0.5759914337985158 0.8798279958164295
0.5732269605319695 0.8783289785827686
0.570467214942641 0.8768212752331537
0.5677122243226611 0.875304900677813
0.564962015917139 0.8737798699127286
0.5622166169238887 0.8722461980194862
0.5594760544931641 0.8707039001651277
0.5567403557273869 0.8691529916019989
0.5540095476808817 0.8675934876676015
0.5512836573596056 0.8660254037844387
0.5485627117208838 0.8644487554598649
0.5458467376731412 0.8628635582859312
0.5431357620756362 0.8612698279392308
0.5404298117381972 0.8596675801807453
0.537728913420954 0.8580568308556875
0.535033093834077 0.856437595893346
0.5323423796375097 0.854809891306926
0.529656797440708 0.853173733193393
0.5269763738023739 0.8515291377333113
0.5243011352301962 0.8498761211906866
0.5216311081805851 0.8482146999128023
0.5189663190584138 0.8465448903300608
0.516306794216754 0.8448667089558178
0.5136525599566183 0.8431801723862222
0.5110036425266987 0.8414852973000502
0.5083600681231062 0.8397821004585397
0.5057218628891138 0.8380705987052266
0.5030890529148958 0.8363508089657761
0.5004616642372718 0.8346227482478175
0.4978397228394471 0.8328864336407734
0.4952232546507582 0.8311418823156937
0.49261228554641356 0.8293891115250828
0.4900068413472407 0.8276281386027313
0.4874069478194277 0.8258589809635432
0.48481263067427194 0.8240816561033646
0.4822239155679219 0.8222961815988095
0.47964082810112674 0.8205025751070874
0.4770633938189821 0.8187008543658281
0.47449163821067586 0.8168910371929053
0.4719255867092388 0.8150731414862623
0.4693652646912905 0.813247185223733
0.4668106974767908 0.8114131864628659
0.46426191032878694 0.809571163340744
0.4617189284531663 0.8077211340738069
0.45918177699840446 0.8058631169576691
0.45665048105531914 0.8039971303669406
0.4541250656568194 0.8021231927550438
0.4516055557776606 0.8002413226540319
0.4490919763341962 0.798351538674406
0.44658435218413006 0.796453859504929
0.44408270812627404 0.7945483039124437
0.44158706890029864 0.7926348907416847
0.4390974591864921 0.7907136389150938
0.4366139036055132 0.7887845674326314
0.43413642671815056 0.7868476953715902
0.43166505302507696 0.7849030418864045
0.42919980696660975 0.7829506262084633
0.42674071292246674 0.7809904676459174
0.4242877952115274 0.7790225855834914
0.42184107809158977 0.7770469994822885
0.4194005857591333 0.7750637288796015
0.41696634234907803 0.7730727933887178
0.4145383719345449 0.7710742126987247
0.4121166985266208 0.7690680065743168
0.40970134607411723 0.7670541948555987
0.40729233846333746 0.7650327974578901
0.4048896995178364 0.7630038343715273
0.4024934529981885 0.7609673256616677
0.4001036226017498 0.7589232914680889
0.39772023196242656 0.7568717520049919
0.395343304650438 0.7548127275607989
0.392972864172087 0.752746238497955
0.39060893396952423 0.7506723052527243
0.38825153742051877 0.7485909483349905
0.38590069783822634 0.746502188328052
0.383556438470957 0.7444060458884189
0.3812187825019484 0.7423025417456094
0.37888775304913314 0.7401916967019435
0.3765633731649132 0.7380735316323391
0.3742456658359292 0.7359480674841035
0.371934653982836 0.7338153252767279
0.3696303604600728 0.7316753261016784
0.36733280805564017 0.7295280911221886
0.365042019490872 0.7273736415730487
0.36275801742021363 0.7252119987603975
0.3604808244309947 0.7230431840615094
0.35821046304320836 0.7208672189245849
0.3559469557092878 0.7186841248685384
0.35369032481388263 0.7164939234827832
0.35144059267364036 0.714296636427021
0.349197781536983 0.7120922854310254
0.3469619135838893 0.7098808922944286
0.3447330109256732 0.7076624788865045
0.34251109560476745 0.7054370671459533
0.34029618959450336 0.703204679080684
0.33808831479889556 0.7009653367675976
0.3358874930524237 0.6987190623523676
0.33369374611981795 0.696465878049222
0.33150709569584214 0.6942058061407227
0.3293275634050812 0.6919388689775461
0.3271551708017255 0.6896650889782621
0.3249899393693585 0.6873844886291103
0.3228318905207448 0.685097090483781
0.3206810455976169 0.6828029171631891
0.3185374258704661 0.6805019913552526
0.3164010525383296 0.6781943358146664
0.3142719467285846 0.6758799733626792
0.3121501294967346 0.6735589268868659
0.3100356218262057 0.671231219340903
0.3079284446281356 0.6688968737443396
0.3058286187411696 0.6665559131823723
0.3037361649312522 0.6642083608056141
0.301651103891423 0.661854239829868
0.29957345624161247 0.659493573535896
0.2975032425284361 0.6571263852691885
0.2954404832249937 0.6547526984397352
0.2933851987306646 0.652372536521791
0.29133740937090824 0.6499859230536469
0.2892971353970606 0.647592881637394
0.2872643969861365 0.6451934359386936
0.2852392142406276 0.6427876096865394
0.28322160718830625 0.6403754266730263
0.2812115957820245 0.637956910753112
0.27920919989951964 0.6355320858443844
0.2772144393432151 0.6331009759268214
0.2752273338400266 0.6306636050425571
0.2732479030411662 0.6282199972956425
0.2712761665219473 0.6257701768518059
0.26931214378159274 0.6233141679382168
0.26735585424303987 0.6208519948432436
0.2654073172527509 0.6183836819162155
0.26346655208051883 0.6159092535671796
0.2615335779192798 0.613428734266662
0.2596084138849203 0.610942148545423
0.2576910790160909 0.6084495209942173
0.25578159227401576 0.6059508762635483
0.2538799725423069 0.6034462390634264
0.2519862386267755 0.600935634163123
0.2501004092552481 0.5984190863909268
0.24822250307738014 0.5958966206338978
0.2463525386644707 0.5933682618376204
0.2444905345092815 0.5908340350059582
0.24263650902585066 0.5882939652008051
0.24079048054931373 0.5857480775418396
0.23895246733571973 0.5831963972062734
0.23712248756185295 0.5806389494286057
0.235300559325051 0.5780757595003708
0.23348670064302812 0.5755068527698903
0.23168092945369412 0.57293225464202
0.22988326361498057 0.5703519905779018
0.2280937209046604 0.567766086094708
0.22631231902017546 0.5651745667653928
0.2245390755784593 0.5625774582184373
0.22277400811576342 0.5599747861375954
0.22101713408748502 0.5573665762616423
0.21926847086799195 0.5547528543841171
0.2175280357504541 0.5521336463530705
0.21579584594666923 0.5495089780708061
0.21407191858689512 0.5468788754936277
0.21235627071967833 0.5442433646315791
0.2106489193116876 0.5416024715481903
0.20894988124754388 0.5389562223602166
0.2072591733296555 0.5363046432373828
0.2055768122780497 0.5336477604021225
0.20390281473020933 0.5309856001293203
0.20223719724090783 0.5283181887460516
0.20057997628204416 0.5256455526313207
0.1989311682424817 0.5229677182158027
0.1972907894278848 0.520284711981579
0.1956588560605591 0.5175965604618786
0.1940353842792888 0.5149032902408127
0.19242039013917966 0.5122049279531146
0.19081388961149792 0.5095015002838733
0.1892158985835144 0.5067930339682728
0.18762643285834513 0.5040795557913248
0.1860455081547976 0.5013610925876062
0.18447314010721283 0.4986376712409917
0.1829093442653129 0.4959093186843895
0.18135413609404605 0.49317606189947455
0.17980753097343327 0.49043792791642055
0.17826954419841756 0.48769494381363476
0.1767401909787114 0.4849471367174878
0.1752194864386476 0.482194533802048
0.173707445617028 0.47943716228880984
0.1722040834669769 0.47667504944642775
0.17070941485579105 0.47390822259044324
0.16922345456479437 0.4711367090830182
0.16774621728919048 0.46836053633266067
0.1662777176379182 0.46557973179395706
0.16481797013350707 0.46279432296729917
0.1633669892119326 0.460004337398611
0.16192478922247533 0.4572098026790793
0.16049138442757727 0.45441074644487744
0.159066789002702 0.4516071963768953
0.15765101703619333 0.4487991802004622
0.1562440825291378 0.44598672568507625
0.15484599939522392 0.44316986064412617
0.1534567814606066 0.44034861293461963
0.15207644246376884 0.43752301045690445
0.15070499605538745 0.434693081154396
0.14934245579819616 0.4318588530132975
0.14798883516685324 0.4290203540623264
0.14664414754780764 0.42617761237243545
0.14530840623916574 0.4233306560565344
0.1439816244505614 0.4204795132692145
0.14266381530302374 0.41762421220646695
0.14135499182884892 0.41476478110540727
0.1400551669714699 0.4119012482439927
0.13876435358532957 0.40903364194074615
0.13748256443575246 0.4061619905544725
0.13620981219881967 0.40328632248398155
0.13494610946124252 0.40040666616780396
0.13369146872023918 0.3975230500839133
0.13244590238340959 0.394635502749441
0.13120942276861425 0.3917440527203973
0.12998204210385167 0.3888487285913877
0.1287637725271369 0.38594955899532873
0.12755462608638313 0.3830465726031679
0.12635461473928056 0.3801397981235967
0.12516375035317984 0.37722926430277015
0.12398204470497332 0.37431499992401895
0.12280950948098002 0.3713970338075684
0.12164615627682851 0.36847539481025
0.12049199659734366 0.36555011182521935
0.11934704185643175 0.36262121378166706
0.11821130337696839 0.3596887296445361
0.11708479239068581 0.3567526884142319
0.11596752003806277 0.35381311912633867
0.11485949736821333 0.3508700508513307
0.11376073533877817 0.3479235126942839
0.11267124481581636 0.3449735337945907
0.11159103657369718 0.34202014332566877
0.11052012129499478 0.3390633704946755
0.10945850957038072 0.33610324454221613
0.10840621189852151 0.33313979474205785
0.10736323868597275 0.3301730504008369
0.10632960024707738 0.32720304085777197
0.1053053068038633 0.3242297954843711
0.10429036848594242 0.3212533436841441
0.10328479533041024 0.3182737148923087
0.10228859728174688 0.31529093857550244
0.10130178419171865 0.3123050442314897
0.10032436581928028 0.3093160613888689
0.0993563518304792 0.3063240196067837
0.09839775179835886 0.30332894847462666
0.09744857520286532 0.30033087761175076
0.09650883143075206 0.2973298366671724
0.09557852977548875 0.29432585531928207
0.09465767943716785 0.2913189632755473
0.09374628952241482 0.2883091902722222
0.09284436904429705 0.2852965660740499
0.09195192692223553 0.2822811204739721
0.09106897198191621 0.2792628832928302
0.0901955129552029 0.2762418843790744
0.08933155848005092 0.2732181536084661
0.08847711710042128 0.2701917208837821
0.08763219726619698 0.2671626161345216
0.08679680733309858 0.26413086931660634
0.08597095556260237 0.26109651041208853
0.08515465012185763 0.2580595694288503
0.0843478990836074 0.25502007640031077
0.08355071042610684 0.2519780613851253
0.08276309203304588 0.248933554466892
0.08198505169347015 0.24588658575385042
0.08121659710170492 0.24283718537858753
0.080457735857278 0.23978538349773615
0.07970847546484539 0.23673121029167973
0.0789688233341167 0.23367469596425267
0.0782387867797818 0.2306158707424402
0.07751837302143882 0.22755476487608264
0.07680758918352237 0.22449140863757266
0.07610644229523356 0.22142583232155943
0.0754149392904695 0.21835806624464554
0.07473308700775638 0.21528814074509064
0.07406089219017997 0.21221608618250803
0.07339836148532064 0.20914193293756772
0.07274550144518599 0.20606571141169272
0.07210231852614768 0.20298745202676172
0.07146881908887626 0.1999071852248048
0.07084500939827887 0.1968249414677054
0.07023089562343754 0.19374075123689788
0.06962648383754744 0.1906546450330646
0.06903178001785759 0.1875666533758374
0.06844679004561083 0.1844768068034924
0.06787151970598693 0.18138513587265137
0.06730597468804411 0.17829167115797606
0.06675016058466365 0.1751964432518693
0.06620408289249413 0.17209948276416917
0.06566774701189726 0.16900082032184946
0.06514115824689415 0.16590048656871353
0.06462432180511368 0.16279851216509475
0.06411724279773989 0.15969492778754962
0.06361992623946233 0.15658976412855768
0.06313237704842611 0.1534830518962165
0.06265460004618295 0.15037482181393674
0.062186599957644306 0.14726510462014142
0.06172838141103365 0.14415393106795837
0.06127994893784183 0.14104133192491963
0.060841306972781006 0.1379273379726537
0.060412459853741995 0.13481198000658456
0.05999341182175022 0.13169528883562376
0.05958416702092495 0.12857729528186904
0.05918472949843723 0.12545803018029622
0.05879510320447057 0.12233752437845719
0.05841529199218187 0.11921580873617357
0.05804529961766258 0.11609291412523025
0.057685129739902696 0.1129688714290731
0.05733478592075336 0.10984371154250007
0.05699427162489268 0.10671746537135919
0.05666359021979073 0.10359016383223939
0.05634274497567682 0.10046183785216828
0.056031739065506514 0.09733251836830274
0.055730575564930995 0.09420223632762662
0.055439257452265966 0.09107102268664097
0.05515778760846268 0.08793890841106165
0.054886168817079084 0.08480592447550937
0.054624403764252705 0.08167210186320663
0.054372495038673585 0.07853747156566984
0.05413044513155918 0.07540206458240162
0.05389825643662938 0.07226591192058726
0.053675931250082964 0.0691290445947846
0.053463471770574866 0.0659914936266208
0.053260880099194496 0.06285329004448204
0.053068158239444774 0.059714464883210215
0.05288530809722258 0.05657504918379248
0.05271233148079968 0.05343507399305779
0.05254923010080503 0.05029457036336635
0.05239600557020774 0.04715356935230607
0.05225265940430124 0.044012102022381865
0.05211919302068779 0.040870199440711574
0.05199560773926559 0.037727892678717415
0.05188190478221433 0.03458521281181734
0.05177808527398409 0.03144219091912087
0.05168415024128392 0.028298858083118154
0.05160010061307185 0.025155245389376153
0.05152593722054499 0.022011383926227663
0.051461660797132436 0.01886730478446743
0.05140727197848727 0.015723039057041133
0.051362771302480126 0.012578617838741432
0.051328159209194646 0.009434072225896924
0.05130343604092236 0.00628943331606816
0.05128860204215968 0.003144732207736565
0.051283657359605606 0.0
