2.010050253769064 1.2246467991473532e-16
2.01004530908651 0.003144732207736687
2.0100304750877473 0.006289433316067838
2.0100057519194747 0.009434072225897048
2.009971139826189 0.012578617838741112
2.0099266391501827 0.015723039057041255
2.0098722503315374 0.018867304784467107
2.0098079739081243 0.02201138392622778
2.0097338105155975 0.02515524538937583
2.0096497608873856 0.028298858083118276
2.0095558258546857 0.03144219091912055
2.0094520063464554 0.034585212811817465
2.009338303389404 0.037727892678717095
2.009214718107982 0.0408701994407117
2.0090812517243686 0.04401210202238199
2.0089379055584615 0.04715356935230575
2.0087846810278647 0.05029457036336647
2.00862157964787 0.05343507399305747
2.0084486030314466 0.0565750491837926
2.0082657528892245 0.059714464883209896
2.0080730310294754 0.06285329004448216
2.0078704393580944 0.06599149362662048
2.0076579798785863 0.06912904459478472
2.00743565469204 0.07226591192058694
2.0072034659971107 0.07540206458240174
2.006961416089996 0.07853747156566952
2.006709507364417 0.08167210186320675
2.0064477423115905 0.0848059244755095
2.0061761235202065 0.08793890841106133
2.0058946536764033 0.09107102268664109
2.0056033355637384 0.0942022363276263
2.005302172063163 0.09733251836830287
2.0049911661529927 0.10046183785216796
2.004670320908879 0.10359016383223951
2.004339639503777 0.10671746537135887
2.0039991252079163 0.1098437115425002
2.003648781388767 0.11296887142907278
2.0032886115110067 0.11609291412523036
2.002918619136488 0.11921580873617325
2.002538807924199 0.12233752437845731
2.002149181630232 0.12545803018029633
2.0017497441077445 0.12857729528186873
2.0013404993069193 0.13169528883562387
2.0009214512749276 0.13481198000658423
2.0004926041558884 0.1379273379726538
2.0000539621908278 0.1410413319249193
1.9996055297176356 0.14415393106795849
1.9991473111710254 0.1472651046201411
1.9986793110824865 0.15037482181393685
1.9982015340802435 0.1534830518962162
1.9977139848892072 0.1565897641285578
1.9972166683309296 0.15969492778754932
1.996709589323556 0.16279851216509442
1.9961927528817753 0.16590048656871365
1.9956661641167723 0.16900082032184913
1.9951298282361754 0.17209948276416928
1.9945837505440058 0.175196443251869
1.9940279364406253 0.17829167115797617
1.9934623914226826 0.18138513587265107
1.9928871210830585 0.18447680680349252
1.992302131110812 0.18756665337583708
1.991707427291122 0.1906546450330647
1.9911030155052318 0.19374075123689755
1.9904889017303906 0.19682494146770552
1.9898650920397933 0.19990718522480447
1.9892315926025217 0.2029874520267614
1.9885884096834834 0.20606571141169283
1.987935549643349 0.20914193293756742
1.9872730189384893 0.21221608618250815
1.9866008241209132 0.21528814074509034
1.9859189718381998 0.21835806624464565
1.985227468833436 0.2214258323215591
1.984526321945147 0.22449140863757278
1.9838155381072307 0.2275547648760823
1.9830951243488877 0.2306158707424403
1.982365087794553 0.23367469596425233
1.981625435663824 0.23673121029167984
1.9808761752713917 0.23978538349773584
1.9801173140269646 0.24283718537858723
1.9793488594351993 0.24588658575385053
1.9785708190956237 0.24893355446689167
1.9777832007025626 0.2519780613851254
1.9769860120450622 0.25502007640031044
1.9761792610068116 0.2580595694288504
1.9753629555660672 0.2610965104120882
1.9745371037955708 0.26413086931660645
1.9737017138624726 0.26716261613452125
1.9728567940282482 0.27019172088378224
1.9720023526486186 0.2732181536084662
1.9711383981734667 0.2762418843790745
1.9702649391467533 0.27926288329282994
1.9693819842064342 0.28228112047397175
1.9684895420843724 0.28529656607405
1.9675876216062547 0.28830919027222185
1.9666762316915016 0.2913189632755474
1.965755381353181 0.2943258553192818
1.9648250796979174 0.2973298366671725
1.9638853359258042 0.3003308776117504
1.9629361593303105 0.30332894847462677
1.9619775592981903 0.30632401960678335
1.9610095453093892 0.309316061388869
1.960032126936951 0.31230504423148975
1.9590453138469226 0.31529093857550256
1.9580491157982594 0.3182737148923084
1.957043542642727 0.32125334368414377
1.9560286043248063 0.3242297954843712
1.9550043108815922 0.32720304085777163
1.9539706724426968 0.33017305040083694
1.952927699230148 0.33313979474205757
1.9518754015582886 0.33610324454221624
1.9508137898336748 0.33906337049467516
1.9497428745549723 0.3420201433256689
1.9486626663128532 0.3449735337945904
1.9475731757898913 0.347923512694284
1.9464744137604562 0.35087005085133083
1.9453663910906067 0.3538131191263388
1.9442491187379838 0.3567526884142316
1.9431226077517012 0.35968872964453574
1.9419868692722377 0.3626212137816671
1.9408419145313258 0.365550111825219
1.939687754851841 0.3684753948102501
1.9385244016476897 0.3713970338075681
1.9373518664236962 0.37431499992401907
1.9361701607754898 0.3772292643027698
1.934979296389389 0.38013979812359683
1.9337792850422864 0.3830465726031676
1.9325701386015324 0.38594955899532885
1.931351869024818 0.3888487285913878
1.9301244883600552 0.3917440527203974
1.92888800874526 0.3946355027494407
1.9276424424084304 0.397523050083913
1.926387801667427 0.40040666616780407
1.92512409892985 0.4032863224839813
1.923851346692917 0.4061619905544726
1.92256955754334 0.4090336419407459
1.9212787441571995 0.4119012482439928
1.9199789192998207 0.41476478110540693
1.9186700958256457 0.41762421220646706
1.9173522866781083 0.42047951326921423
1.9160255048895036 0.4233306560565345
1.914689763580862 0.42617761237243557
1.9133450759618162 0.42902035406232647
1.9119914553304735 0.43185885301329724
1.9106289150732823 0.43469308115439564
1.9092574686649006 0.4375230104569045
1.907877129668063 0.4403486129346193
1.9064879117334457 0.4431698606441263
1.9050898285995317 0.44598672568507597
1.9036828940924762 0.44879918020046233
1.9022671221259677 0.45160719637689495
1.9008425267010922 0.45441074644487756
1.8994091219061942 0.457209802679079
1.8979669219167368 0.4600043373986111
1.8965159409951624 0.4627943229672993
1.8950561934907513 0.4655797317939572
1.8935876938394791 0.4683605363326604
1.892110456563875 0.47113670908301786
1.8906244962728784 0.47390822259044335
1.8891298276616928 0.4766750494464274
1.8876264655116415 0.47943716228880995
1.886114424690022 0.4821945338020477
1.884593720149958 0.4849471367174879
1.883064366930252 0.4876949438136345
1.8815263801552362 0.4904379279164206
1.8799797750346237 0.49317606189947427
1.8784245668633566 0.49590931868438953
1.8768607710214567 0.49863767124099173
1.8752884029738721 0.501361092587606
1.8737074782703245 0.5040795557913245
1.8721180125451553 0.5067930339682726
1.8705200215171713 0.5095015002838733
1.86891352098949 0.5122049279531143
1.8672985268493807 0.5149032902408128
1.8656750550681107 0.5175965604618784
1.8640431217007845 0.5202847119815791
1.862402742886188 0.5229677182158023
1.8607539348466253 0.5256455526313208
1.8590967138877617 0.5283181887460513
1.8574310963984602 0.5309856001293204
1.8557570988506198 0.5336477604021226
1.8540747377990143 0.5363046432373825
1.8523840298811256 0.5389562223602162
1.850684991816982 0.5416024715481901
1.848977640408991 0.5442433646315792
1.8472619925417746 0.5468788754936273
1.8455380651820001 0.5495089780708062
1.8438058753782156 0.5521336463530702
1.8420654402606773 0.5547528543841173
1.8403167770411846 0.5573665762616421
1.838559903012906 0.5599747861375954
1.8367948355502104 0.562577458218437
1.835021592108494 0.5651745667653928
1.833240190224009 0.567766086094708
1.8314506475136891 0.5703519905779014
1.8296529816749756 0.5729322546420198
1.8278472104856416 0.57550685276989
1.8260333518036183 0.5780757595003709
1.8242114235668168 0.5806389494286055
1.8223814437929498 0.5831963972062735
1.820543430579356 0.5857480775418393
1.8186974021028186 0.5882939652008052
1.8168433766193883 0.5908340350059579
1.8149813724641988 0.5933682618376204
1.8131114080512896 0.5958966206338976
1.8112335018734214 0.5984190863909269
1.8093476725018938 0.6009356341631231
1.8074539385863628 0.6034462390634262
1.805552318854654 0.6059508762635479
1.8036428321125788 0.6084495209942171
1.801725497243749 0.6109421485454231
1.79980033320939 0.6134287342666618
1.7978673590481506 0.6159092535671797
1.7959265938759188 0.6183836819162153
1.7939780568856294 0.6208519948432437
1.7920217673470769 0.6233141679382166
1.790057744606722 0.6257701768518059
1.7880860080875036 0.6282199972956422
1.7861065772886429 0.6306636050425573
1.7841194717854543 0.6331009759268215
1.78212471122915 0.635532085844384
1.7801223153466452 0.6379569107531118
1.7781123039403635 0.6403754266730259
1.7760946968880418 0.6427876096865395
1.774069514142533 0.6451934359386934
1.772036775731609 0.6475928816373941
1.7699965017577615 0.6499859230536466
1.7679487123980049 0.6523725365217911
1.765893427903676 0.6547526984397349
1.7638306686002332 0.6571263852691887
1.7617604548870573 0.6594935735358958
1.7596828072372463 0.661854239829868
1.7575977461974173 0.6642083608056142
1.7555052923875 0.6665559131823721
1.753405466500534 0.6688968737443394
1.7512982893024642 0.6712312193409028
1.7491837816319349 0.673558926886866
1.747061964400085 0.675879973362679
1.7449328585903396 0.6781943358146665
1.7427964852582039 0.6805019913552524
1.7406528655310525 0.6828029171631891
1.7385020206079245 0.6850970904837811
1.7363439717593108 0.6873844886291103
1.7341787403269442 0.6896650889782618
1.7320063477235883 0.6919388689775462
1.7298268154328271 0.6942058061407227
1.7276401650088518 0.6964658780492218
1.7254464180762459 0.6987190623523672
1.7232455963297741 0.7009653367675974
1.7210377215341661 0.7032046790806841
1.7188228155239023 0.7054370671459531
1.716600900202996 0.7076624788865045
1.7143719975447802 0.7098808922944286
1.7121361295916862 0.7120922854310257
1.709893318455029 0.7142966364270211
1.7076435863147867 0.7164939234827834
1.705386955419382 0.7186841248685383
1.703123448085461 0.720867218924585
1.7008530866976745 0.7230431840615095
1.6985758937084559 0.7252119987603973
1.6962918916377976 0.7273736415730485
1.6940011030730295 0.7295280911221884
1.6917035506685967 0.7316753261016785
1.6893992571458336 0.7338153252767277
1.68708824529274 0.7359480674841035
1.6847705379637565 0.738073531632339
1.6824461580795362 0.7401916967019436
1.6801151286267209 0.7423025417456095
1.6777774726577122 0.744406045888419
1.6754332132904433 0.7465021883280519
1.6730823737081504 0.7485909483349906
1.6707249771591453 0.7506723052527245
1.6683610469565826 0.7527462384979549
1.6659906064782317 0.7548127275607988
1.6636136791662433 0.7568717520049918
1.6612302885269195 0.758923291468089
1.6588404581304812 0.7609673256616676
1.656444211610833 0.7630038343715274
1.6540415726653321 0.7650327974578899
1.651632565054552 0.7670541948555988
1.6492172126020486 0.769068006574317
1.6467955391941242 0.7710742126987248
1.6443675687795916 0.7730727933887176
1.6419333253695358 0.7750637288796016
1.6394928330370795 0.7770469994822886
1.6370461159171423 0.7790225855834911
1.6345931982062025 0.7809904676459176
1.6321341041620598 0.7829506262084631
1.6296688581035925 0.7849030418864046
1.6271974844105193 0.7868476953715899
1.624720007523156 0.7887845674326315
1.6222364519421777 0.7907136389150937
1.6197468422283707 0.7926348907416848
1.6172512030023953 0.7945483039124439
1.614749558944539 0.7964538595049291
1.6122419347944736 0.7983515386744058
1.6097283553510087 0.8002413226540321
1.6072088454718498 0.802123192755044
1.6046834300733506 0.8039971303669405
1.6021521341302647 0.8058631169576692
1.5996149826755033 0.8077211340738067
1.5970720007998824 0.8095711633407441
1.5945232136518788 0.8114131864628658
1.591968646437379 0.8132471852237331
1.5894083244194308 0.8150731414862622
1.5868422729179936 0.8168910371929055
1.5842705173096872 0.8187008543658283
1.5816930830275424 0.8205025751070876
1.5791099955607477 0.8222961815988094
1.5765212804543978 0.8240816561033644
1.5739269633092416 0.8258589809635433
1.571327069781429 0.8276281386027312
1.5687216255822558 0.8293891115250829
1.5661106564779115 0.8311418823156935
1.5634941882892222 0.8328864336407735
1.560872246891398 0.8346227482478172
1.5582448582137736 0.8363508089657762
1.555612048239556 0.8380705987052265
1.552973843005563 0.8397821004585397
1.5503302686019704 0.8414852973000504
1.547681351172051 0.8431801723862224
1.5450271169119156 0.8448667089558177
1.5423675920702558 0.8465448903300605
1.5397028029480841 0.8482146999128024
1.5370327758984734 0.8498761211906865
1.5343575373262957 0.8515291377333112
1.5316771136879617 0.8531737331933928
1.5289915314911595 0.8548098913069261
1.5263008172945922 0.8564375958933461
1.5236049977077155 0.8580568308556876
1.5209040993904726 0.8596675801807452
1.5181981490530332 0.8612698279392308
1.5154871734555282 0.8628635582859312
1.5127711994077855 0.864448755459865
1.5100502537690639 0.8660254037844386
1.507324363447788 0.8675934876676012
1.5045935554012824 0.869152991601999
1.5018578566355056 0.8707039001651276
1.499117294204781 0.8722461980194862
1.4963718952115308 0.8737798699127285
1.4936216868060082 0.8753049006778131
1.4908666961860282 0.8768212752331537
1.4881069505967 0.8783289785827687
1.485342477330154 0.8798279958164293
1.4825733037252757 0.881318312109807
1.4797994571674344 0.8827999127246198
1.4770209650882118 0.8842727830087778
1.47423785496513 0.8857369083965293
1.4714501543213812 0.887192274408604
1.4686578907255545 0.8886388666523559
1.4658610917913653 0.8900766708219059
1.4630597851773783 0.8915056726982837
1.4602539985867373 0.8929258581495685
1.4574437597668906 0.8943372131310273
1.4546290965093163 0.8957397236852556
1.451810036649247 0.8971333759423141
1.4489866080653946 0.8985181561198672
1.4461588386796749 0.8998940505233182
1.4433267564569323 0.9012610455459448
1.440490389404662 0.902619127669034
1.4376497655727332 0.903968283462016
1.4348049130531118 0.9053084995825966
1.4319558599795832 0.9066397627768894
1.4291026345274738 0.9079620598795461
1.426245264913372 0.9092753778138883
1.4233837793948478 0.9105797035920355
1.4205182062701776 0.9118750243150338
1.41764857387806 0.9131613271729834
1.4147749105973373 0.9144385994451657
1.4118972448467149 0.9157068285001692
1.4090156050844802 0.9169660017960134
1.4061300198082207 0.918216106880274
1.4032405175545428 0.9194571313902055
1.4003471268987895 0.9206890630528631
1.397449876454757 0.9219118896852251
1.394548794874413 0.9231255991943124
1.3916439108476124 0.9243301795773083
1.388735253101814 0.925525618921678
1.3858228504017962 0.926711905405285
1.3829067315493724 0.9278890272965093
1.379986925383107 0.9290569729543627
1.3770634607780292 0.9302157308286043
1.3741363666453477 0.9313652894598542
1.371205671932165 0.9325056374797075
1.3682714056211913 0.9336367636108461
1.3653335967304574 0.9347586566671511
1.3623922743130283 0.935871305553812
1.3594474674567147 0.936974699267438
1.3564992052837874 0.9380688268961658
1.3535475169506872 0.9391536776197678
1.3505924316477376 0.9402292407097589
1.3476339785988563 0.9412955055295033
1.3446721870612652 0.9423524615343186
1.3417070863252027 0.9434000982715812
1.3387387057136326 0.9444384053808289
1.3357670745819543 0.9454673725938635
1.332792222317713 0.9464869897348525
1.3298141783403092 0.9474972467204298
1.3268329721007066 0.9484981335597952
1.3238486330811425 0.9494896403548133
1.320861190794835 0.9504717573001115
1.3178706747856916 0.9514444746831766
1.3148771146280172 0.9524077828844514
1.3118805399262208 0.9533616723774293
1.3088809803145238 0.9543061337287488
1.3058784654566662 0.9552411575982869
1.3028730250456142 0.956166734739251
1.299864688803265 0.9570828559982708
1.2968534864801542 0.9579895123154889
1.2938394478551607 0.9588866947246497
1.2908226027352132 0.959774394353189
1.2878029809549945 0.960652602422321
1.2847806123766468 0.9615213102471255
1.2817555268894765 0.9623805092366335
1.2787277544096585 0.9632301908939126
1.2756973248799401 0.9640703468161507
1.2726642682693459 0.964900968694739
1.2696286145728795 0.9657220483153546
1.2665903938112288 0.9665335775580414
1.2635496360304685 0.9673355483972902
1.2605063713017624 0.9681279529021187
1.2574606297210662 0.9689107832361495
1.254412441408831 0.9696840316576876
1.2513618365097032 0.970447690519797
1.2483088451922288 0.9712017522703763
1.2452534976485539 0.9719462094522336
1.2421958240941255 0.97268105470316
1.2391358547673939 0.9734062807560027
1.236073619929513 0.9741218804387363
1.2330091498640412 0.9748278466745341
1.2299424748766414 0.9755241724818388
1.226873625294783 0.9762108509744296
1.2238026314674395 0.9768878753614926
1.2207295237647902 0.9775552389476863
1.2176543325779192 0.9782129351332084
1.2145770883185147 0.9788609574138615
1.2114978214185692 0.9794992993811165
1.2084165623300769 0.9801279547221766
1.205333341524734 0.9807469172200396
1.2022481894936368 0.9813561807535595
1.1991611367469803 0.9819557392975067
1.196072213813756 0.9825455869226277
1.1929814512414507 0.9831257177957042
1.1898888795957436 0.9836961261796101
1.1867945294602056 0.9842568064333687
1.1836984314359942 0.984807753012208
1.1806006161415536 0.9853489604676164
1.1775011142123102 0.9858804234473958
1.17439995630037 0.9864021366957145
1.171297173074216 0.98691409505316
1.1681927952184048 0.9874162934567889
1.1650868534332617 0.9879087269401781
1.1619793784345795 0.9883913906334728
1.158870400953313 0.9888642797634357
1.1557599517352755 0.9893273896534935
1.152648061540835 0.9897807157237835
1.1495347611446094 0.9902242534911985
1.1464200813351637 0.9906579985694317
1.1433040529147036 0.9910819466690196
1.1401867066987716 0.9914960935973848
1.1370680735159426 0.9919004352588768
1.133948184207519 0.9922949676548137
1.1308270696272251 0.9926796868835203
1.1277047606409025 0.9930545891403677
1.124581288126205 0.9934196707178107
1.1214566829722923 0.9937749280054242
1.118330976079526 0.9941203574899392
1.1152041983591623 0.9944559557552776
1.112076380733048 0.9947817194825853
1.1089475541333136 0.995097645450266
1.1058177495020678 0.9954037305340125
1.1026869977910911 0.9956999717068377
1.0995553299615304 0.9959863660391044
1.0964227769835924 0.9962629106985544
1.0932893698362367 0.9965296029503367
1.090155139506871 0.9967864401570343
1.0870201169910434 0.9970334197786902
1.083884333292136 0.9972705393728327
1.0807478194210587 0.9974977965944997
1.0776106063959423 0.9977151891962615
1.0744727252418322 0.9979227150282433
1.0713342069903802 0.9981203720381463
1.0681950826795397 0.9983081582712682
1.065055383353257 0.9984860718705224
1.0619151400611648 0.9986541110764564
1.058774383858276 0.9988122742272691
1.055633145804675 0.9989605597588275
1.0524914569652122 0.9990989662046814
1.0493493484091954 0.9992274921960794
1.046206851210083 0.9993461364619809
1.0430639964451776 0.9994548978290693
1.0399208151953172 0.9995537752217638
1.0367773385445689 0.9996427676622299
1.033633597579921 0.9997218742703887
1.0304896233909753 0.9997910942639262
1.0273454470696413 0.9998504269583004
1.0242010997098259 0.9998998717667489
1.0210566124071285 0.9999394282002937
1.017912016258532 0.9999690958677468
1.014767342362096 0.999988874475714
1.0116226218166484 0.9999987638285974
1.0084778857214793 0.9999987638285974
1.0053331651760318 0.999988874475714
1.0021884912795958 0.9999690958677468
0.9990438951309993 0.9999394282002937
0.9958994078283019 0.9998998717667489
0.9927550604684866 0.9998504269583004
0.9896108841471523 0.9997910942639262
0.986466909958207 0.9997218742703887
0.983323168993559 0.9996427676622299
0.9801796923428107 0.9995537752217638
0.9770365110929503 0.9994548978290693
0.9738936563280449 0.9993461364619809
0.9707511591289326 0.9992274921960794
0.9676090505729157 0.9990989662046815
0.9644673617334527 0.9989605597588275
0.9613261236798518 0.9988122742272691
0.9581853674769629 0.9986541110764564
0.955045124184871 0.9984860718705224
0.9519054248585882 0.9983081582712682
0.9487663005477475 0.9981203720381463
0.9456277822962957 0.9979227150282433
0.9424899011421854 0.9977151891962615
0.9393526881170692 0.9974977965944997
0.936216174245992 0.9972705393728327
0.9330803905470846 0.9970334197786902
0.9299453680312568 0.9967864401570343
0.9268111377018912 0.9965296029503368
0.9236777305545356 0.9962629106985544
0.9205451775765974 0.9959863660391044
0.9174135097470367 0.9956999717068377
0.9142827580360601 0.9954037305340125
0.9111529534048143 0.995097645450266
0.9080241268050797 0.9947817194825853
0.9048963091789656 0.9944559557552776
0.9017695314586021 0.9941203574899393
0.8986438245658356 0.9937749280054242
0.895519219411923 0.9934196707178107
0.8923957468972253 0.9930545891403677
0.8892734379109029 0.9926796868835203
0.8861523233306089 0.9922949676548137
0.8830324340221852 0.991900435258877
0.8799138008393563 0.9914960935973848
0.8767964546234244 0.9910819466690197
0.8736804262029642 0.9906579985694317
0.8705657463935185 0.9902242534911986
0.867452445997293 0.9897807157237835
0.8643405558028524 0.9893273896534935
0.8612301065848149 0.9888642797634357
0.8581211291035482 0.9883913906334728
0.8550136541048661 0.9879087269401781
0.8519077123197231 0.9874162934567889
0.8488033344639117 0.98691409505316
0.8457005512377578 0.9864021366957146
0.8425993933258178 0.9858804234473958
0.8394998913965743 0.9853489604676166
0.8364020761021337 0.9848077530122081
0.8333059780779224 0.9842568064333687
0.830211627942384 0.9836961261796101
0.8271190562966771 0.9831257177957042
0.8240282937243719 0.9825455869226277
0.8209393707911476 0.9819557392975067
0.817852318044491 0.9813561807535595
0.8147671660133939 0.9807469172200396
0.8116839452080511 0.9801279547221766
0.8086026861195588 0.9794992993811165
0.8055234192196131 0.9788609574138615
0.8024461749602088 0.9782129351332084
0.7993709837733377 0.9775552389476863
0.7962978760706884 0.9768878753614926
0.7932268822433448 0.9762108509744296
0.7901580326614862 0.9755241724818386
0.7870913576740867 0.9748278466745341
0.7840268876086148 0.9741218804387363
0.7809646527707339 0.9734062807560027
0.7779046834440023 0.9726810547031601
0.7748470098895739 0.9719462094522336
0.7717916623458989 0.9712017522703763
0.7687386710284247 0.970447690519797
0.7656880661292971 0.9696840316576877
0.7626398778170616 0.9689107832361497
0.7595941362363655 0.9681279529021188
0.7565508715076593 0.9673355483972903
0.7535101137268989 0.9665335775580414
0.7504718929652483 0.9657220483153546
0.7474362392687819 0.964900968694739
0.7444031826581876 0.9640703468161507
0.7413727531284693 0.9632301908939126
0.7383449806486513 0.9623805092366335
0.735319895161481 0.9615213102471255
0.7322975265831334 0.9606526024223211
0.7292779048029147 0.9597743943531891
0.7262610596829672 0.9588866947246498
0.7232470210579738 0.9579895123154889
0.7202358187348629 0.9570828559982709
0.7172274824925137 0.956166734739251
0.7142220420814616 0.9552411575982869
0.7112195272236042 0.9543061337287488
0.7082199676119072 0.9533616723774293
0.7052233929101107 0.9524077828844515
0.7022298327524361 0.9514444746831767
0.6992393167432928 0.9504717573001116
0.6962518744569852 0.9494896403548134
0.6932675354374211 0.9484981335597953
0.6902863291978187 0.9474972467204298
0.6873082852204146 0.9464869897348525
0.6843334329561734 0.9454673725938635
0.6813618018244951 0.9444384053808289
0.678393421212925 0.9434000982715813
0.6754283204768624 0.9423524615343186
0.6724665289392716 0.9412955055295033
0.6695080758903902 0.9402292407097589
0.6665529905874407 0.9391536776197678
0.6636013022543403 0.9380688268961659
0.660653040081413 0.9369746992674381
0.6577082332250996 0.935871305553812
0.6547669108076704 0.9347586566671511
0.6518291019169365 0.9336367636108462
0.6488948356059628 0.9325056374797075
0.6459641408927803 0.9313652894598542
0.6430370467600988 0.9302157308286043
0.6401135821550208 0.9290569729543628
0.6371937759887553 0.9278890272965093
0.6342776571363317 0.926711905405285
0.6313652544363137 0.925525618921678
0.6284565966905153 0.9243301795773083
0.6255517126637149 0.9231255991943124
0.6226506310833708 0.9219118896852251
0.6197533806393385 0.9206890630528631
0.616859989983585 0.9194571313902055
0.6139704877299071 0.9182161068802741
0.6110849024536477 0.9169660017960134
0.6082032626914129 0.9157068285001692
0.6053255969407905 0.9144385994451658
0.6024519336600678 0.9131613271729834
0.59958230126795 0.9118750243150338
0.5967167281432799 0.9105797035920355
0.5938552426247563 0.9092753778138885
0.5909978730106542 0.9079620598795464
0.5881446475585446 0.9066397627768894
0.5852955944850163 0.9053084995825968
0.5824507419653948 0.9039682834620161
0.5796101181334656 0.902619127669034
0.5767737510811954 0.9012610455459448
0.5739416688584528 0.8998940505233182
0.5711138994727334 0.8985181561198674
0.5682904708888807 0.8971333759423141
0.5654714110288114 0.8957397236852555
0.562656747771237 0.8943372131310272
0.5598465089513909 0.8929258581495686
0.5570407223607499 0.891505672698284
0.5542394157467629 0.8900766708219061
0.551442616812573 0.8886388666523559
0.5486503532167469 0.8871922744086042
0.5458626525729979 0.8857369083965294
0.5430795424499157 0.8842727830087778
0.5403010503706931 0.8827999127246197
0.5375272038128519 0.881318312109807
0.5347580302079741 0.8798279958164295
0.5319935569414278 0.8783289785827686
0.5292338113520992 0.8768212752331537
0.5264788207321194 0.875304900677813
0.5237286123265973 0.8737798699127286
0.520983213333347 0.8722461980194862
0.5182426509026223 0.8707039001651277
0.5155069521368452 0.8691529916019989
0.51277614409034 0.8675934876676015
0.5100502537690639 0.8660254037844387
0.507329308130342 0.8644487554598649
0.5046133340825995 0.8628635582859312
0.5019023584850945 0.8612698279392308
0.4991964081476554 0.8596675801807453
0.49649550983041224 0.8580568308556875
0.4937996902435353 0.856437595893346
0.491108976046968 0.854809891306926
0.4884233938501663 0.853173733193393
0.4857429702118322 0.8515291377333113
0.48306773163965444 0.8498761211906866
0.4803977045900434 0.8482146999128023
0.4777329154678721 0.8465448903300608
0.47507339062621223 0.8448667089558178
0.47241915636607656 0.8431801723862222
0.469770238936157 0.8414852973000502
0.46712666453256446 0.8397821004585397
0.4644884592985721 0.8380705987052266
0.4618556493243541 0.8363508089657761
0.45922826064673006 0.8346227482478175
0.4566063192489054 0.8328864336407734
0.4539898510602165 0.8311418823156937
0.45137888195587184 0.8293891115250828
0.448773437756699 0.8276281386027313
0.446173544228886 0.8258589809635432
0.4435792270837302 0.8240816561033646
0.44099051197738015 0.8222961815988095
0.438407424510585 0.8205025751070874
0.4358299902284404 0.8187008543658281
0.43325823462013413 0.8168910371929053
0.43069218311869706 0.8150731414862623
0.42813186110074875 0.813247185223733
0.4255772938862491 0.8114131864628659
0.4230285067382452 0.809571163340744
0.4204855248626246 0.8077211340738069
0.4179483734078627 0.8058631169576691
0.4154170774647774 0.8039971303669406
0.4128916620662777 0.8021231927550438
0.41037215218711887 0.8002413226540319
0.40785857274365445 0.798351538674406
0.40535094859358833 0.796453859504929
0.4028493045357323 0.7945483039124437
0.4003536653097569 0.7926348907416847
0.3978640555959504 0.7907136389150938
0.3953805000149715 0.7887845674326314
0.39290302312760883 0.7868476953715902
0.39043164943453523 0.7849030418864045
0.387966403376068 0.7829506262084633
0.385507309331925 0.7809904676459174
0.38305439162098565 0.7790225855834914
0.38060767450104804 0.7770469994822885
0.3781671821685916 0.7750637288796015
0.3757329387585363 0.7730727933887178
0.3733049683440032 0.7710742126987247
0.3708832949360791 0.7690680065743168
0.3684679424835755 0.7670541948555987
0.3660589348727957 0.7650327974578901
0.36365629592729465 0.7630038343715273
0.3612600494076468 0.7609673256616677
0.3588702190112081 0.7589232914680889
0.35648682837188483 0.7568717520049919
0.35410990105989626 0.7548127275607989
0.35173946058154526 0.752746238497955
0.3493755303789825 0.7506723052527243
0.34701813382997704 0.7485909483349905
0.3446672942476846 0.746502188328052
0.34232303488041527 0.7444060458884189
0.3399853789114067 0.7423025417456094
0.3376543494585914 0.7401916967019435
0.33532996957437144 0.7380735316323391
0.3330122622453875 0.7359480674841035
0.33070125039229425 0.7338153252767279
0.3283969568695311 0.7316753261016784
0.32609940446509844 0.7295280911221886
0.3238086159003303 0.7273736415730487
0.3215246138296719 0.7252119987603975
0.319247420840453 0.7230431840615094
0.31697705945266663 0.7208672189245849
0.3147135521187461 0.7186841248685384
0.3124569212233409 0.7164939234827832
0.31020718908309863 0.714296636427021
0.30796437794644127 0.7120922854310254
0.30572850999334755 0.7098808922944286
0.3034996073351315 0.7076624788865045
0.3012776920142257 0.7054370671459533
0.29906278600396163 0.703204679080684
0.29685491120835383 0.7009653367675976
0.294654089461882 0.6987190623523676
0.2924603425292762 0.696465878049222
0.2902736921053004 0.6942058061407227
0.28809415981453945 0.6919388689775461
0.2859217672111838 0.6896650889782621
0.28375653577881677 0.6873844886291103
0.28159848693020306 0.685097090483781
0.27944764200707517 0.6828029171631891
0.27730402227992434 0.6805019913552526
0.2751676489477879 0.6781943358146664
0.2730385431380429 0.6758799733626792
0.27091672590619287 0.6735589268868659
0.26880221823566397 0.671231219340903
0.2666950410375939 0.6688968737443396
0.2645952151506279 0.6665559131823723
0.2625027613407105 0.6642083608056141
0.2604177003008813 0.661854239829868
0.25834005265107074 0.659493573535896
0.25626983893789435 0.6571263852691885
0.254207079634452 0.6547526984397352
0.25215179514012287 0.652372536521791
0.2501040057803665 0.6499859230536469
0.24806373180651886 0.647592881637394
0.24603099339559475 0.6451934359386936
0.24400581065008586 0.6427876096865394
0.24198820359776452 0.6403754266730263
0.23997819219148275 0.637956910753112
0.23797579630897792 0.6355320858443844
0.23598103575267337 0.6331009759268214
0.2339939302494849 0.6306636050425571
0.23201449945062447 0.6282199972956425
0.23004276293140558 0.6257701768518059
0.228078740191051 0.6233141679382168
0.22612245065249814 0.6208519948432436
0.22417391366220918 0.6183836819162155
0.2222331484899771 0.6159092535671796
0.22030017432873805 0.613428734266662
0.21837501029437856 0.610942148545423
0.21645767542554917 0.6084495209942173
0.21454818868347403 0.6059508762635483
0.21264656895176515 0.6034462390634264
0.21075283503623377 0.600935634163123
0.2088670056647064 0.5984190863909268
0.2069890994868384 0.5958966206338978
0.20511913507392898 0.5933682618376204
0.20325713091873976 0.5908340350059582
0.20140310543530893 0.5882939652008051
0.199557076958772 0.5857480775418396
0.197719063745178 0.5831963972062734
0.19588908397131122 0.5806389494286057
0.19406715573450928 0.5780757595003708
0.1922532970524864 0.5755068527698903
0.1904475258631524 0.57293225464202
0.18864986002443884 0.5703519905779018
0.18686031731411867 0.567766086094708
0.18507891542963373 0.5651745667653928
0.18330567198791758 0.5625774582184373
0.1815406045252217 0.5599747861375954
0.1797837304969433 0.5573665762616423
0.17803506727745022 0.5547528543841171
0.17629463215991237 0.5521336463530705
0.1745624423561275 0.5495089780708061
0.1728385149963534 0.5468788754936277
0.1711228671291366 0.5442433646315791
0.16941551572114588 0.5416024715481903
0.16771647765700215 0.5389562223602166
0.16602576973911376 0.5363046432373828
0.16434340868750796 0.5336477604021225
0.1626694111396676 0.5309856001293203
0.1610037936503661 0.5283181887460516
0.15934657269150243 0.5256455526313207
0.15769776465193996 0.5229677182158027
0.15605738583734308 0.520284711981579
0.15442545247001738 0.5175965604618786
0.15280198068874706 0.5149032902408127
0.15118698654863794 0.5122049279531146
0.1495804860209562 0.5095015002838733
0.14798249499297267 0.5067930339682728
0.1463930292678034 0.5040795557913248
0.14481210456425586 0.5013610925876062
0.1432397365166711 0.4986376712409917
0.14167594067477118 0.4959093186843895
0.14012073250350432 0.49317606189947455
0.13857412738289154 0.49043792791642055
0.13703614060787583 0.48769494381363476
0.13550678738816968 0.4849471367174878
0.13398608284810587 0.482194533802048
0.13247404202648627 0.47943716228880984
0.13097067987643518 0.47667504944642775
0.12947601126524932 0.47390822259044324
0.12799005097425264 0.4711367090830182
0.12651281369864875 0.46836053633266067
0.12504431404737648 0.46557973179395706
0.12358456654296535 0.46279432296729917
0.12213358562139087 0.460004337398611
0.1206913856319336 0.4572098026790793
0.11925798083703554 0.45441074644487744
0.11783338541216026 0.4516071963768953
0.1164176134456516 0.4487991802004622
0.11501067893859607 0.44598672568507625
0.11361259580468219 0.44316986064412617
0.11222337787006487 0.44034861293461963
0.1108430388732271 0.43752301045690445
0.10947159246484572 0.434693081154396
0.10810905220765443 0.4318588530132975
0.10675543157631151 0.4290203540623264
0.1054107439572659 0.42617761237243545
0.10407500264862402 0.4233306560565344
0.10274822086001967 0.4204795132692145
0.10143041171248202 0.41762421220646695
0.10012158823830719 0.41476478110540727
0.09882176338092818 0.4119012482439927
0.09753094999478784 0.40903364194074615
0.09624916084521074 0.4061619905544725
0.09497640860827794 0.40328632248398155
0.0937127058707008 0.40040666616780396
0.09245806512969745 0.3975230500839133
0.09121249879286786 0.394635502749441
0.08997601917807252 0.3917440527203973
0.08874863851330994 0.3888487285913877
0.08753036893659516 0.38594955899532873
0.0863212224958414 0.3830465726031679
0.08512121114873883 0.3801397981235967
0.08393034676263811 0.37722926430277015
0.08274864111443159 0.37431499992401895
0.08157610589043829 0.3713970338075684
0.08041275268628678 0.36847539481025
0.07925859300680194 0.36555011182521935
0.07811363826589002 0.36262121378166706
0.07697789978642666 0.3596887296445361
0.07585138880014408 0.3567526884142319
0.07473411644752104 0.35381311912633867
0.0736260937776716 0.3508700508513307
0.07252733174823645 0.3479235126942839
0.07143784122527463 0.3449735337945907
0.07035763298315545 0.34202014332566877
0.06928671770445305 0.3390633704946755
0.068225105979839 0.33610324454221613
0.06717280830797978 0.33313979474205785
0.06612983509543102 0.3301730504008369
0.06509619665653565 0.32720304085777197
0.06407190321332157 0.3242297954843711
0.06305696489540069 0.3212533436841441
0.06205139173986851 0.3182737148923087
0.061055193691205156 0.31529093857550244
0.06006838060117692 0.3123050442314897
0.05909096222873855 0.3093160613888689
0.058122948239937466 0.3063240196067837
0.05716434820781713 0.30332894847462666
0.05621517161232359 0.30033087761175076
0.055275427840210334 0.2973298366671724
0.054345126184947024 0.29432585531928207
0.053424275846626124 0.2913189632755473
0.05251288593187309 0.2883091902722222
0.05161096545375532 0.2852965660740499
0.0507185233316938 0.2822811204739721
0.049835568391374485 0.2792628832928302
0.048962109364661166 0.2762418843790744
0.04809815488950919 0.2732181536084661
0.04724371350987955 0.2701917208837821
0.04639879367565525 0.2671626161345216
0.04556340374255685 0.26413086931660634
0.04473755197206064 0.26109651041208853
0.043921246531315905 0.2580595694288503
0.043114495493065674 0.25502007640031077
0.042317306835565116 0.2519780613851253
0.041529688442504153 0.248933554466892
0.04075164810292842 0.24588658575385042
0.039983193511163195 0.24283718537858753
0.03922433226673627 0.23978538349773615
0.03847507187430366 0.23673121029167973
0.03773541974357497 0.23367469596425267
0.03700538318924007 0.2306158707424402
0.036284969430897096 0.22755476487608264
0.035574185592980645 0.22449140863757266
0.03487303870469183 0.22142583232155943
0.03418153569992777 0.21835806624464554
0.033499683417214654 0.21528814074509064
0.032827488599638244 0.21221608618250803
0.03216495789477891 0.20914193293756772
0.03151209785464426 0.20606571141169272
0.03086891493560595 0.20298745202676172
0.030235415498334528 0.1999071852248048
0.02961160580773714 0.1968249414677054
0.02899749203289581 0.19374075123689788
0.02839308024700571 0.1906546450330646
0.027798376427315863 0.1875666533758374
0.0272133864550691 0.1844768068034924
0.0266381161154452 0.18138513587265137
0.026072571097502384 0.17829167115797606
0.025516756994121925 0.1751964432518693
0.024970679301952403 0.17209948276416917
0.02443434342135553 0.16900082032184946
0.02390775465635242 0.16590048656871353
0.023390918214571954 0.16279851216509475
0.022883839207198164 0.15969492778754962
0.022386522648920604 0.15658976412855768
0.021898973457884385 0.1534830518962165
0.021421196455641223 0.15037482181393674
0.020953196367102578 0.14726510462014142
0.020494977820491922 0.14415393106795837
0.020046545347300104 0.14104133192491963
0.019607903382239278 0.1379273379726537
0.019179056263200267 0.13481198000658456
0.01876000823120849 0.13169528883562376
0.01835076343038322 0.12857729528186904
0.0179513259078955 0.12545803018029622
0.01756169961392884 0.12233752437845719
0.017181888401640144 0.11921580873617357
0.016811896027120854 0.11609291412523025
0.016451726149360968 0.1129688714290731
0.016101382330211633 0.10984371154250007
0.01576086803435095 0.10671746537135919
0.015430186629248999 0.10359016383223939
0.015109341385135089 0.10046183785216828
0.014798335474964786 0.09733251836830274
0.014497171974389267 0.09420223632762662
0.014205853861724238 0.09107102268664097
0.013924384017920954 0.08793890841106165
0.013652765226537356 0.08480592447550937
0.013391000173710976 0.08167210186320663
0.013139091448131857 0.07853747156566984
0.012897041541017451 0.07540206458240162
0.012664852846087649 0.07226591192058726
0.012442527659541236 0.0691290445947846
0.012230068180033138 0.0659914936266208
0.012027476508652768 0.06285329004448204
0.011834754648903045 0.059714464883210215
0.011651904506680855 0.05657504918379248
0.01147892789025795 0.05343507399305779
0.011315826510263305 0.05029457036336635
0.01116260197966601 0.04715356935230607
0.01101925581375951 0.044012102022381865
0.010885789430146064 0.040870199440711574
0.010762204148723864 0.037727892678717415
0.010648501191672599 0.03458521281181734
0.010544681683442358 0.03144219091912087
0.010450746650742193 0.028298858083118154
0.010366697022530125 0.025155245389376153
0.010292533630003264 0.022011383926227663
0.010228257206590707 0.01886730478446743
0.01017386838794554 0.015723039057041133
0.010129367711938397 0.012578617838741432
0.010094755618652917 0.009434072225896924
0.010070032450380628 0.00628943331606816
0.010055198451617953 0.003144732207736565
0.010050253769063877 0.0
