2.01 1.2246467991473532e-16
2.009995118078819 0.003124710951178356
2.009980472362943 0.006249391393171436
2.0099560629953706 0.009374010817092543
2.00992189021443 0.012498538714649291
2.0098779543537795 0.01562294457844428
2.009824255842402 0.018747197902271178
2.0097607952046013 0.021871268181413484
2.009687573059997 0.024995124912940578
2.0096045901235184 0.02811873759600821
2.0095118472053977 0.03124207573215455
2.0094093452111625 0.034365108825598394
2.0092970851416263 0.037487806383537374
2.009175068092878 0.0406101379164439
2.0090432952562733 0.04373207293836552
2.0089017679184216 0.04685358096722083
2.008750487461173 0.04997463152509794
2.0085894553616064 0.05309519413855032
2.008418673192014 0.05621523833889698
2.008238142619885 0.05933473366251818
2.0080478654078924 0.06245364965115377
2.007847843413873 0.06557195585219883
2.0076380785908094 0.0686896218190036
2.007418572986813 0.07180661711116905
2.007189328745101 0.07492291129484452
2.0069503481039783 0.07803847394302527
2.0067016333968146 0.08115327463584787
2.006443187052021 0.0842672829608898
2.006175011593027 0.08738046851346465
2.005897109638255 0.0904928008969199
2.0056094839010963 0.0936042497229319
2.005312137189883 0.09671478461180523
2.0050050724078616 0.09982437519276759
2.004688292553164 0.10293299110426671
2.0043618007187796 0.10604060199426732
2.004025600092522 0.1091471775205457
2.003679693957002 0.11225268735098856
2.0033240856895924 0.11535710116388746
2.002958778762396 0.11846038864823576
2.0025837767422123 0.12156251950402275
2.002199083290502 0.12466346344253224
2.001804702163351 0.1277631901866364
2.0014006372114346 0.13086166947109243
2.0009868923799794 0.13395887104283613
2.0005634717087246 0.13705476466128005
2.0001303793318828 0.1401493200986069
1.9996876194781 0.14324250714006523
1.9992351964704134 0.1463342955842648
1.9987731147262098 0.1494246552434698
1.9983013787571826 0.152513555943896
1.9978199931692875 0.15560096752600402
1.9973289626626975 0.15868685984479422
1.9968282920317573 0.1617712027700996
1.9963179861649356 0.1648539661868825
1.9957980500447787 0.16793511999552688
1.9952684887478607 0.17101463411213264
1.9947293074447348 0.17409247846880985
1.994180511399882 0.17716862301397052
1.993622105971661 0.18024303771262465
1.9930540966122536 0.18331569254667182
1.992476488867614 0.18638655751519498
1.9918892883774133 0.18945560263475178
1.9912925008749842 0.19252279793966998
1.9906861321872662 0.19558811348233807
1.9900701882347471 0.19865151933349834
1.989444675031407 0.20171298558253936
1.988809598684658 0.20477248233778644
1.9881649653952853 0.207829979726796
1.987510781457387 0.2108854478966455
1.9868470532583116 0.21393885701422583
1.986173787278597 0.2169901772665308
1.9854909900919058 0.22003937886095096
1.9847986683649625 0.22308643202556255
1.9840968288574867 0.22613130700941886
1.9833854784221292 0.22917397408284093
1.9826646240044035 0.23221440353770628
1.9819342726426181 0.2352525656877414
1.981194431467809 0.23828843086880996
1.9804451077036682 0.24132196943920337
1.9796863086664755 0.24435315177992836
1.978918041765025 0.24738194829499885
1.9781403145005532 0.25040832941172303
1.9773531344666668 0.25343226558099285
1.9765565093492674 0.25645372727757265
1.9757504469264773 0.25947268500038584
1.9749349550685626 0.2624891092728055
1.9741100417378576 0.26550297064294065
1.973275714988686 0.26851423968392435
1.9724319829672823 0.27152288699419946
1.9715788539117134 0.27452888319780844
1.9707163361517965 0.2775321989446782
1.9698444381090194 0.2805328049109071
1.9689631682964568 0.2835306717990521
1.9680725353186883 0.2865257703384126
1.9671725478717144 0.2895180712853189
1.9662632147428698 0.2925075454234164
1.9653445448107405 0.29549416356395125
1.9644165470450745 0.29847789654605383
1.9634792305066964 0.30145871523702616
1.962532604347416 0.3044365905326244
1.9615766778099428 0.3074114933573435
1.9606114602277924 0.3103833946647019
1.9596369610251974 0.3133522654375226
1.958653189717014 0.31631807668822
1.9576601559086306 0.31928079945908083
1.9566578692958725 0.32224040482254634
1.9556463396649084 0.3251968638814966
1.954625576892154 0.32815014776953144
1.953595590944176 0.3311002276512525
1.9525563918775948 0.33404707472254536
1.9515079898389867 0.3369906602108589
1.9504503950647836 0.33993095537548873
1.9493836178811743 0.34286793150785655
1.9483076687040026 0.3458015599317906
1.9472225580386673 0.34873181200380476
1.9461282964800175 0.35165865911338
1.9450248947122508 0.35458207268324266
1.943912363508808 0.35750202416964333
1.942790713732268 0.3604184850626365
1.9416599563342432 0.3633314268863569
1.94052010235527 0.3662408211993002
1.9393711629247032 0.3691466395945989
1.938213149260606 0.3720488537003007
1.937046072669642 0.3749474351796438
1.935869944546962 0.37784235573133595
1.9346847763760966 0.3807335870898292
1.9334905797288402 0.3836211010255963
1.932287366265141 0.38650486934540684
1.9310751477329853 0.38938486389260074
1.9298539359682843 0.3922610565473656
1.9286237428947568 0.39513341922700973
1.927384580523814 0.3980019238862372
1.9261364609544418 0.40086654251741977
1.9248793963730835 0.4037272471508732
1.9236133990535191 0.4065840098551284
1.922338481356747 0.4094368027372046
1.9210546557308623 0.4122855979428823
1.9197619347109365 0.4151303676569733
1.9184603309188937 0.417971084103595
1.9171498570633878 0.42080771954643986
1.915830525939679 0.4236402462890469
1.9145023504295091 0.42646863667507073
1.913165343500974 0.42929286308855397
1.9118195182083983 0.43211289795419505
1.9104648876922081 0.4349287137376181
1.9091014651788023 0.4377402829456421
1.9077292639804238 0.44054757812654766
1.9063482974950283 0.4433505718703477
1.904958579206155 0.44614923680905305
1.9035601226827938 0.44894354561694083
1.9021529415792546 0.4517334710108196
1.9007370496350315 0.454518985750298
1.8993124606746699 0.4573000626380492
1.8978791886076323 0.46007667452007683
1.8964372474281606 0.4628487942859806
1.8949866512151419 0.46561639486921935
1.8935274141319687 0.4683794492473776
1.8920595504264017 0.471137930442428
1.8905830744304306 0.47389181152099547
1.8890980005601348 0.47664106559461833
1.8876043433155412 0.47938566582001374
1.8861021172804835 0.48212558539933764
1.88459133712246 0.48486079758044726
1.88307201759249 0.48759127565716237
1.88154417352497 0.4903169929695247
1.8800078198375287 0.49303792290406045
1.878462971530881 0.49575403889403913
1.8769096436886823 0.4984653144197315
1.8753478514773811 0.5011717230086712
1.8737776101460701 0.5038732382359113
1.8721989350263384 0.5065698337242832
1.8706118415321207 0.5092614831446534
1.8690163451595474 0.5119481602161817
1.8674124614867944 0.5146298387065761
1.8658002061739283 0.5173064924323507
1.864179594962756 0.519978095259081
1.8625506436766703 0.5226446211016573
1.8609133682204946 0.525306043924542
1.8592677845803283 0.5279623377420224
1.8576139088233903 0.5306134766184641
1.8559517570978632 0.5332594346685653
1.854281345632734 0.5359001860576088
1.8526026907376378 0.5385357050017138
1.8509158088026956 0.5411659657680891
1.8492207162983565 0.5437909426752836
1.8475174297752373 0.5464106100934357
1.8458059658639585 0.5490249424445263
1.8440863412749844 0.5516339142026261
1.842358572798458 0.5542374998941465
1.8406226773040384 0.5568356740980873
1.8388786717407357 0.5594284114462846
1.8371265731367454 0.5620156866236601
1.835366398599282 0.5645974743684665
1.8335981653144118 0.5671737494725358
1.8318218905468864 0.5697444867815233
1.8300375916399725 0.5723096611951556
1.8282452860152834 0.5748692476674738
1.8264449911726082 0.5774232212070793
1.8246367246897424 0.5799715568773776
1.8228205042223147 0.5825142297968198
1.8209963475036157 0.5850512151391489
1.8191642723444237 0.58758248813364
1.8173242966328318 0.5901080240653428
1.8154764383340734 0.5926277982753221
1.813620715490345 0.5951417861608999
1.8117571462206319 0.5976499631758948
1.8098857487205309 0.6001523048308619
1.8080065412620718 0.602648786693332
1.8061195421935408 0.6051393843880492
1.8042247699392986 0.6076240735972104
1.8023222429996033 0.6101028300607019
1.8004119799504275 0.6125756295763366
1.798493999443279 0.6150424480000893
1.7965683202050167 0.6175032612463341
1.7946349610376695 0.6199580452880783
1.7926939408182512 0.6224067761571975
1.7907452784985773 0.62484942994467
1.7887889931050798 0.6272859828008083
1.7868251037386207 0.6297164109354949
1.784853629574306 0.6321406906184132
1.782874589861299 0.6345587981792774
1.7808880039226314 0.636970710008067
1.778893891155015 0.6393764025552553
1.7768922710286525 0.6417758523320394
1.7748831630870476 0.6441690359105697
1.772866586946813 0.6465559299241795
1.7708425622974808 0.6489365110676114
1.7688111089013083 0.6513107560972464
1.766772246593086 0.653678641831331
1.7647259952799446 0.6560401451502011
1.7626723749411592 0.6583952429965112
1.760611405627955 0.660743912375457
1.7585431074633113 0.6630861303550011
1.7564675006417656 0.6654218740660962
1.7543846054292154 0.6677511207029094
1.7522944421627216 0.6700738475230429
1.7501970312503086 0.6723900318477586
1.7480923931707657 0.6746996510621981
1.7459805484734479 0.677002682615603
1.7438615177780736 0.6792991040215364
1.7417353217745246 0.6815888928581019
1.7396019812226433 0.683872026768162
1.7374615169520307 0.6861484834595573
1.7353139498618422 0.6884182407053238
1.7331593009205848 0.6906812763439089
1.730997591165911 0.6929375682793897
1.7288288417044138 0.6951870944816877
1.7266530737114212 0.6974298329867831
1.7244703084307893 0.699665761896931
1.7222805671746937 0.7018948593808738
1.720083871323423 0.7041171036740553
1.7178802423251693 0.7063324730788325
1.7156697016958182 0.7085409459646881
1.7134522710187408 0.71074250076844
1.7112279719445804 0.712937115994455
1.7089968261910418 0.7151247702148559
1.7067588555426816 0.7173054420697312
1.7045140818506919 0.7194791102673451
1.702262527032689 0.7216457535843439
1.7000042130724993 0.7238053508659639
1.697739162019944 0.7259578810262377
1.6954673959906255 0.7281033230481999
1.693188937165708 0.7302416559840927
1.6909038077917051 0.7323728589555709
1.6886120301802594 0.7344969111539046
1.6863136267079266 0.7366137918401823
1.6840086198159554 0.7387234803455152
1.6816970320100704 0.7408259560712371
1.6793788858602499 0.7429211984891066
1.6770542040005072 0.7450091871415074
1.6747230091286704 0.7470899016416468
1.6723853240061586 0.7491633216737565
1.6700411714577603 0.7512294269932903
1.6676905743714117 0.7532881974271219
1.6653335556979725 0.7553396128737407
1.662970138451001 0.75738365330345
1.660600345706531 0.7594202987585612
1.6582242006028451 0.761449529353589
1.6558417263402494 0.7634713252754464
1.6534529461808474 0.7654856667836358
1.6510578834483118 0.7674925342104447
1.6486565615276572 0.7694919079611362
1.646249003865013 0.7714837685141397
1.6438352339673925 0.7734680964212428
1.6414152754024642 0.7754448723077807
1.6389891517983222 0.7774140768728254
1.636556886843255 0.7793756908893738
1.6341185042855135 0.7813296952045361
1.631674027933082 0.7832760707397219
1.6292234816534412 0.7852147984908273
1.6267668893733385 0.7871458595284206
1.6243042750785546 0.7890692349979256
1.6218356628136668 0.7909849061198078
1.619361076681816 0.7928928541897562
1.6168805408444715 0.7947930605788666
1.6143940795211935 0.7966855067338234
1.6119017169893988 0.7985701741770812
1.6094034775841224 0.8004470445070433
1.6068993856977798 0.802316099398244
1.6043894657799294 0.8041773206015264
1.601873742337034 0.8060306899442193
1.5993522399322204 0.8078761893303171
1.5968249831850407 0.8097138007406546
1.5942919967712315 0.8115435062330837
1.5917533054224726 0.8133652879426483
1.589208933926146 0.8151791280817594
1.5866589071250943 0.8169850089403672
1.5841032499173773 0.8187829128861359
1.5815419872560281 0.8205728223646152
1.578975144148813 0.8223547198994103
1.5764027456579826 0.8241285880923551
1.5738248169000304 0.8258944096236802
1.5712413830454466 0.8276521672521824
1.5686524693184718 0.8294018438153932
1.5660581009968513 0.8311434222297469
1.5634583034115894 0.8328768854907459
1.5608531019466991 0.8346022166731284
1.5582425220389566 0.8363193989310329
1.5556265891776535 0.8380284154981621
1.5530053289043453 0.8397292496879478
1.5503787668126043 0.8414218848937132
1.5477469285477685 0.8431063045888348
1.545109839806692 0.8447824923269045
1.5424675263374932 0.8464504317418895
1.5398200139393048 0.8481101065482918
1.53716732846202 0.8497615005413088
1.5345094958060423 0.8514045975969893
1.5318465419220304 0.853039381672393
1.5291784928106462 0.8546658368057458
1.5265053745223007 0.8562839471165963
1.5238272131568995 0.8578936968059704
1.521144034863588 0.8594950701565258
1.5184558658404956 0.861088051532706
1.5157627323344816 0.8626726253808912
1.5130646606408764 0.864248776229553
1.5103616771032273 0.8658164886894021
1.5076538081130395 0.8673757474535416
1.5049410801095184 0.8689265372976148
1.502223519579313 0.8704688430799541
1.4995011530562556 0.8720026497417288
1.4967740071211042 0.8735279423070925
1.4940421084012812 0.8750447058833295
1.4913054835706154 0.8765529256609985
1.4885641593490802 0.8780525869140801
1.4858181625025335 0.8795436750001177
1.4830675198424554 0.8810261753603624
1.4803122582256871 0.8825000735199146
1.4775524045541688 0.8839653550878648
1.4747879857746766 0.8854220057574348
1.47201902887856 0.8868700113061172
1.4692455609014767 0.8883093575958142
1.466467608923132 0.889740030572975
1.4636852000670102 0.8911620162687348
1.4608983615001137 0.892575300799049
1.4581071204326943 0.8939798703648303
1.4553115041179898 0.895375711252083
1.4525115398519575 0.8967628098320366
1.4497072549730068 0.8981411525612792
1.446898676861733 0.8995107259818902
1.4440858329406505 0.9008715167215697
1.4412687506739241 0.9022235114937721
1.4384474575671002 0.9035666970978334
1.4356219811668405 0.904901060419101
1.4327923490606513 0.9062265884290619
1.4299585888766142 0.9075432681854695
1.4271207282831169 0.9088510868324701
1.4242787949885827 0.9101500316007289
1.4214328167412005 0.9114400898075539
1.4185828213286533 0.9127212488570197
1.4157288365778473 0.9139934962400917
1.412870890354639 0.915256819534747
1.4100090105635656 0.9165112064060958
1.4071432251475695 0.917756644606503
1.4042735620877282 0.9189931219757057
1.4014000494029792 0.9202206264409342
1.3985227151498478 0.9214391460170281
1.3956415874221717 0.9226486688065547
1.392756694350828 0.9238491829999239
1.3898680641034575 0.9250406768755044
1.3869757248841914 0.9262231387997378
1.3840797049333733 0.9273965572272524
1.3811800325272852 0.9285609207009756
1.378276735977872 0.9297162178522459
1.375369843632463 0.9308624374009242
1.3724593838734975 0.9319995681555032
1.369545385118245 0.933127599013218
1.3666278758185308 0.9342465189601525
1.3637068844604552 0.9353563170713491
1.3607824395641175 0.936456982510914
1.3578545696833366 0.9375485045321232
1.3549233034053727 0.9386308724775279
1.3519886693506475 0.939704075779058
1.349050696172465 0.9407681039581257
1.346109412556733 0.9418229466257274
1.3431648472216802 0.9428685934825459
1.340217028917579 0.9439050343190499
1.337265986426462 0.9449322590155946
1.3343117485618434 0.9459502575425198
1.3313543441684357 0.9469590199602486
1.3283938021218697 0.9479585364193835
1.3254301513284108 0.9489487971608036
1.322463420724678 0.949929792515759
1.3194936392773617 0.9509015129059657
1.3165208359829392 0.951863948843699
1.313545039867394 0.9528170909318862
1.3105662799859297 0.953760929864198
1.3075845854226886 0.9546954564251401
1.3045999852904662 0.9556206614901424
1.3016125087304276 0.9565365360256483
1.298622184911823 0.9574430710892035
1.295629043031703 0.9583402578295422
1.292633112314633 0.9592280874866749
1.289634422012408 0.9601065513919725
1.286633001403768 0.960975640968252
1.2836288797941098 0.9618353477298599
1.280622086515204 0.9626856632827547
1.277612650924906 0.9635265793245895
1.2746006024068701 0.9643580876447926
1.2715859703702637 0.9651801801246478
1.2685687842494786 0.9659928487373737
1.2655490735038446 0.9667960855482022
1.262526867617341 0.9675898827144556
1.2595021960983102 0.9683742324856235
1.2564750884791676 0.9691491272034385
1.253445574316115 0.9699145593019505
1.2504136831888513 0.9706705213076015
1.2473794447002833 0.9714170058392971
1.2443428884762373 0.9721540056084806
1.24130404416517 0.9728815134192021
1.2382629414378776 0.9735995221681901
1.2352196099872081 0.9743080248449203
1.23217407952777 0.9750070145316844
1.2291263797956424 0.9756964844036571
1.2260765405480853 0.9763764277289634
1.2230245915632483 0.9770468378687438
1.21997056263988 0.9777077082772193
1.2169144835970376 0.9783590325017556
1.213856384273795 0.9790008041829255
1.210796294528952 0.9796330170545715
1.2077342442407426 0.9802556649438667
1.2046702633065425 0.9808687417713755
1.2016043816425794 0.9814722415511122
1.1985366291836381 0.9820661583906002
1.19546703588277 0.9826504864909289
1.1923956317110003 0.9832252201468111
1.189322446657035 0.9837903537466378
1.1862475107269688 0.9843458817725338
1.1831708539439911 0.9848917988004108
1.180092506348094 0.9854280995000212
1.177012497995778 0.9859547786350094
1.1739308589597592 0.9864718310629633
1.1708476193286754 0.9869792517354645
1.167762809206792 0.9874770356981378
1.164676458713709 0.9879651780906988
1.1615885979840663 0.9884436741470023
1.158499257167249 0.9889125191950879
1.1554084664270938 0.9893717086572269
1.1523162559415945 0.9898212380499656
1.1492226559026064 0.9902611029841697
1.1461276965155534 0.9906912991650676
1.1430314079991302 0.9911118223922915
1.1399338205850102 0.9915226685599187
1.1368349645175488 0.9919238336565123
1.1337348700534875 0.9923153137651592
1.1306335674616608 0.9926971050635097
1.1275310870226976 0.9930692038238136
1.1244274590287284 0.9934316064129572
1.121322713783087 0.9937843092924987
1.1182168816000173 0.994127309018703
1.1151099928043746 0.9944606022425747
1.1120020777313318 0.9947841857098912
1.1088931667260813 0.9950980562612347
1.1057832901435403 0.9954022108320226
1.1026724783480535 0.9956966464525375
1.0995607617130967 0.9959813602479566
1.096448170620981 0.9962563494383792
1.0933347354625547 0.996521611338854
1.090220486636908 0.9967771433594059
1.0871054545510759 0.9970229430050604
1.0839896696197402 0.9972590078758685
1.080873162264934 0.9974853356669302
1.0777559629157436 0.9977019241684163
1.0746381020080125 0.9979087712655911
1.0715196099840427 0.998105874938832
1.068400517292299 0.9982932332636498
1.0652808543871104 0.9984708444107074
1.0621606517283741 0.9986387066458375
1.0590399397812567 0.99879681833006
1.055918749015898 0.9989451779195968
1.0527971099071123 0.9990837839658887
1.0496750529340921 0.9992126351156079
1.0465526085801093 0.9993317301106722
1.0434298073322186 0.9994410677882567
1.0403066796809588 0.9995406470808057
1.037183256120056 0.9996304670160426
1.0340595671461257 0.9997105267169798
1.0309356432583743 0.9997808254019268
1.0278115149583027 0.9998413623844985
1.0246872127494064 0.9998921370736213
1.0215627671368805 0.9999331489735392
1.0184382086273187 0.9999643976838185
1.0153135677284184 0.9999858828993515
1.0121888749486803 0.9999976044103601
1.009064160797112 0.9999995621023973
1.0059394557829304 0.9999917559563485
1.0028147904152624 0.9999741860484317
0.9996901952028481 0.9999468525501966
0.9965657006537425 0.9999097557285233
0.9934413372750182 0.9998628959456193
0.9903171355724661 0.9998062736590161
0.9871931260502999 0.9997398894215648
0.9840693392108554 0.9996637438814305
0.9809458055542953 0.9995778377820865
0.9778225555783099 0.9994821719623063
0.9746996197778192 0.9993767473561557
0.9715770286446763 0.9992615649929842
0.9684548126673688 0.9991366259974142
0.9653330023307214 0.9990019315893301
0.9622116281155977 0.9988574830838672
0.9590907204986041 0.9987032818913978
0.9559703099517901 0.998539329517518
0.9528504269423528 0.9983656275630329
0.9497311019323377 0.9981821777239412
0.9466123653783427 0.997988981791418
0.9434942477312199 0.9977860416517981
0.9403767794357782 0.9975733592865568
0.937259990930487 0.9973509367722914
0.9341439126471774 0.9971187762807001
0.9310285750107472 0.9968768800785616
0.9279140084388615 0.996625250527712
0.9248002433416577 0.9963638900850227
0.9216873101214469 0.9960928013023759
0.9185752391724188 0.9958119868266396
0.9154640608803434 0.9955214493996423
0.9123538056222747 0.9952211918581454
0.9092445037662555 0.9949112171338164
0.9061361856710184 0.9945915282531994
0.9030288816856915 0.9942621283376866
0.899922622149501 0.9939230206034864
0.8968174373914756 0.9935742083615936
0.8937133577301494 0.9932156950177559
0.8906104134732672 0.9928474840724409
0.8875086349174873 0.9924695791208024
0.884408052348087 0.9920819838526447
0.8813086960386654 0.9916847020523869
0.8782105962508487 0.9912777375990258
0.8751137832339955 0.9908610944660984
0.8720182872248992 0.9904347767216424
0.8689241384474954 0.989998788528157
0.8658313671125647 0.9895531341425623
0.8627400034174392 0.9890978179161575
0.8596500775457062 0.9886328442945783
0.8565616196669155 0.9881582178177539
0.8534746599362825 0.9876739431198626
0.8503892284943952 0.9871800249292859
0.8473053554669203 0.9866764680685635
0.8442230709643076 0.9861632774543447
0.8411424050814973 0.9856404580973424
0.8380633878976251 0.9851080151022819
0.83498604947573 0.9845659536678527
0.8319104198624586 0.9840142790866575
0.8288365290877742 0.9834529967451597
0.825764407164661 0.9828821121236316
0.822694084088834 0.9823016307961009
0.8196255898384435 0.9817115584302955
0.816558954373783 0.981111900787589
0.8134942076369986 0.9805026637229441
0.8104313795517938 0.9798838531848557
0.8073705000231396 0.9792554752152921
0.8043115989369807 0.9786175359496367
0.8012547061599455 0.9779700416166281
0.798199851539053 0.9773129985382988
0.7951470649014225 0.9766464131299138
0.7920963760539809 0.9759702918999081
0.7890478147831737 0.9752846414498227
0.7860014108546725 0.9745894684742406
0.7829571940130846 0.973884779760721
0.779915193981664 0.9731705821897334
0.7768754404620188 0.9724468827345905
0.7738379631338239 0.9717136884613795
0.7708027916545286 0.9709710065288938
0.7677699556590689 0.9702188441885627
0.7647394847595773 0.9694572087843808
0.7617114085450942 0.9686861077528359
0.7586857565812783 0.9679055486228372
0.7556625584101182 0.9671155390156408
0.7526418435496445 0.9663160866447761
0.7496236414936407 0.9655071993159698
0.7466079817113562 0.9646888849270705
0.7435948936472174 0.9638611514679708
0.7405844067205416 0.9630240070205298
0.737576550325248 0.9621774597584938
0.7345713538295728 0.9613215179474168
0.7315688465757806 0.9604561899445798
0.7285690578798791 0.9595814841989091
0.7255720170313322 0.9586974092508935
0.722577753292774 0.9578039737325016
0.7195862958997241 0.9569011863670969
0.7165976740603004 0.9559890559693528
0.713611916954936 0.9550675914451668
0.710629053736092 0.9541368017915735
0.7076491135279751 0.9531966960966559
0.7046721254262515 0.9522472835394582
0.701698118497764 0.9512885733898948
0.698727121780247 0.9503205750086603
0.6957591642820447 0.9493432978471387
0.6927942749818258 0.9483567514473097
0.689832482828302 0.9473609454416572
0.6868738167399453 0.9463558895530737
0.6839183056047047 0.9453415935947668
0.6809659782797254 0.9443180674701622
0.6780168635910655 0.9432853211728076
0.6750709903334164 0.9422433647862751
0.6721283872698199 0.9411922084840626
0.6691890831313887 0.9401318625294945
0.666253106617025 0.9390623372756217
0.6633204863931401 0.93798364316512
0.6603912510933765 0.9368957907301887
0.6574654293183252 0.9357987905924474
0.6545430496352491 0.9346926534628327
0.6516241405778027 0.933577390141493
0.648708730645754 0.9324530115176837
0.6457968483047056 0.9313195285696603
0.6428885219858183 0.9301769523645718
0.639983780085531 0.929025294058352
0.6370826509652865 0.9278645648956111
0.6341851629512519 0.9266947762095257
0.6312913443340432 0.925515939421728
0.6284012233684495 0.9243280660421949
0.6255148282731562 0.9231311676691343
0.62263218723047 0.9219252559888738
0.6197533283860435 0.9207103427757444
0.616878279848601 0.9194864398919677
0.6140070696896627 0.9182535592875382
0.6111397259432724 0.9170117130001079
0.6082762766057224 0.9157609131548681
0.6054167496352802 0.9145011719644314
0.6025611729519169 0.9132325017287122
0.5997095744370328 0.9119549148348065
0.5968619819331864 0.9106684237568717
0.5940184232438219 0.9093730410560036
0.5911789261329982 0.9080687793801147
0.5883435183251176 0.9067556514638105
0.5855122275046547 0.9054336701282651
0.582685081315887 0.9041028482810957
0.5798621073626236 0.9027631989162368
0.5770433332079381 0.901414735113814
0.5742287863738964 0.9000574700400152
0.5714184943412904 0.8986914169469625
0.5686124845493683 0.8973165891725832
0.5658107843955671 0.8959330001404785
0.5630134212352461 0.8945406633597941
0.5602204223814179 0.8931395924250867
0.557431815104483 0.8917298010161919
0.5546476266319629 0.8903113028980907
0.5518678841482358 0.8888841119207754
0.5490926147942685 0.8874482420191138
0.5463218456673538 0.8860037072127129
0.5435556038208444 0.8845505216057831
0.5407939162638894 0.8830886993869993
0.5380368099611714 0.8816182548293635
0.5352843118326415 0.8801392022900646
0.5325364487532573 0.8786515562103382
0.5297932475527205 0.8771553311153261
0.527054735015216 0.8756505416139345
0.5243209378791481 0.8741372023986907
0.5215918828368811 0.8726153282456005
0.5188675965344781 0.8710849340140029
0.5161481055714409 0.8695460346464259
0.5134334365004511 0.8679986451684406
0.5107236158271095 0.8664427806885139
0.5080186700096777 0.8648784563978612
0.50531862545882 0.8633056875702981
0.5026235085373466 0.861724489562092
0.4999333455599537 0.8601348778118106
0.4972481627929688 0.8585368678401727
0.49456798645409283 0.8569304752498955
0.49189284271214495 0.855315715725543
0.48922275768680756 0.853692605033373
0.4865577574483696 0.8520611590211821
0.48389786801747336 0.8504213936181522
0.4812431153648594 0.8487733248346938
0.4785935254111151 0.8471169687622913
0.47594912402641854 0.845452341573344
0.4733099370302881 0.8437794595210093
0.4706759901913291 0.8420983389390437
0.4680473092269841 0.8404089962416441
0.46542391980327913 0.8387114479232859
0.4628058475345752 0.8370057105585633
0.4601931179833171 0.835291800802027
0.45758575665978385 0.8335697353880216
0.45498378902184133 0.8318395311305228
0.4523872404746908 0.8301012049229719
0.4497961363706232 0.8283547737381118
0.44721050200877 0.8266002546278215
0.4446303626348582 0.8248376647229491
0.44205574344096177 0.8230670212331445
0.4394866695652565 0.8212883414466915
0.43692316609177484 0.8195016427303392
0.43436525805016013 0.817706942529132
0.431812970415424 0.8159042583662404
0.42926632810770016 0.8140936078427877
0.4267253559920029 0.8122750086376807
0.42419007887798277 0.8104484785074347
0.4216605215196867 0.8086140352860027
0.4191367086153135 0.8067716968845988
0.41661866480697474 0.8049214812915249
0.41410641468045306 0.803063406571994
0.41159998276496235 0.8011974908679549
0.40909939353290947 0.7993237523979146
0.40660467139965306 0.7974422094567601
0.4041158407232669 0.79555288041558
0.4016329258043009 0.793655783721485
0.39915595088554556 0.7917509378974287
0.39668494015179334 0.789838361542025
0.3942199177296035 0.7879180733293683
0.39176090768706595 0.7859900920088494
0.3893079340335679 0.7840544364049745
0.38686102071955697 0.7821111254171798
0.38442019163630914 0.7801601780196473
0.38198547061569466 0.7782016132611198
0.3795568814299456 0.7762354502647146
0.37713444779142447 0.7742617082277379
0.3747181933523912 0.7722804064214954
0.3723081417047732 0.7702915641911057
0.3699043163799345 0.7682952009553106
0.36750674084844737 0.7662913362062864
0.36511543851986095 0.7642799895094525
0.3627304327424743 0.7622611805032808
0.36035174680310766 0.7602349288991045
0.35797940392687544 0.7582012544809243
0.3556134272769601 0.7561601771052173
0.3532538399543843 0.754111716700741
0.3509006649977868 0.7520558932683397
0.34855392538319663 0.7499927268807492
0.34621364402380994 0.7479222376824015
0.34387984376976477 0.7458444458892263
0.34155254740791885 0.7437593717884552
0.33923177766162704 0.741667035738423
0.33691755719051897 0.7395674581683687
0.3346099085902793 0.7374606595782375
0.3323088543924245 0.7353466605384782
0.3300144170640854 0.7332254816898445
0.3277266190077859 0.7310971437431917
0.3254454825612261 0.7289616674792765
0.3231710299970626 0.7268190737485527
0.3209032835226915 0.7246693834709673
0.3186422652800316 0.7225126176357572
0.3163879973453093 0.7203487973012445
0.3141405017288411 0.7181779435946296
0.3118998003748197 0.7160000777117859
0.3096659151611001 0.7138152209170525
0.307438867898985 0.7116233945430266
0.30521868033301336 0.7094246199903558
0.30300537414074635 0.707218918727528
0.3007989709325567 0.7050063122906627
0.29859949225141724 0.7027868222832999
0.2964069595726917 0.700560470376191
0.29422139430392313 0.6983272783070844
0.2920428177846264 0.6960872678805157
0.28987125128607916 0.6938404609675934
0.2877067160111141 0.691586879505786
0.285549233093913 0.6893265454987081
0.28339882359979873 0.6870594810159042
0.28125550852503056 0.6847857081926346
0.27911930879659863 0.6825052492296586
0.2769902452720212 0.6802181263930184
0.2748683387391383 0.6779243620138206
0.2727536099159109 0.675623978488019
0.2706460794502181 0.6733169982761958
0.26854576791965445 0.6710034439033418
0.2664526958313316 0.6686833379586377
0.26436688362167504 0.666356703095232
0.2622883516562262 0.6640235620300207
0.26021712022944343 0.661683937543425
0.2581532095645045 0.6593378524791703
0.2560966398131075 0.656985329744061
0.25404743105527516 0.6546263923077582
0.25200560329915844 0.652261063202555
0.24997117648084255 0.6498893655231521
0.24794417046414963 0.6475113224264321
0.2459246050404469 0.6451269571312324
0.2439124999284531 0.6427362929181202
0.24190787477404474 0.6403393531291635
0.2399107491500666 0.6379361611677052
0.23792114255613805 0.6355267404981326
0.2359390744184644 0.6331111146456492
0.23396456408964594 0.6306893071960447
0.23199763084849112 0.6282613417954659
0.23003829389982555 0.625827242150184
0.2280865723743064 0.6233870320263641
0.226142485328235 0.6209407352498334
0.2242060517433705 0.6184883757058474
0.2222772905267456 0.6160299773388589
0.22035622051048087 0.6135655641522817
0.21844286045160066 0.6110951602082575
0.21653722903185102 0.6086187896274209
0.21463934485751712 0.6061364765886644
0.21274922645924066 0.6036482453289008
0.21086689229183975 0.6011541201428281
0.2089923607341283 0.5986541253826914
0.20712565008873685 0.5961482854580448
0.2052667785819342 0.5936366248355153
0.20341576436344877 0.5911191680385608
0.2015726255062913 0.5885959396472328
0.19973738000657892 0.5860669642979349
0.19791004578336002 0.5835322666831848
0.1960906406784373 0.5809918715513699
0.1942791824561958 0.5784458037065077
0.1924756888034277 0.5758940880080035
0.19068017732916065 0.5733367493704066
0.18889266556448625 0.5707738127631692
0.187113170962387 0.5682053032103997
0.185341710897568 0.5656312457906209
0.18357830266628572 0.5630516656365229
0.18182296348618066 0.5604665879347205
0.1800757104961075 0.5578760379255047
0.17833656075596915 0.5552800409025973
0.1766055312465491 0.5526786222129036
0.1748826388693474 0.5500718072562664
0.17316790044641306 0.5474596214852155
0.17146133272018182 0.5448420904047212
0.16976295235331207 0.5422192395719443
0.16807277592852166 0.5395910945959863
0.1663908199484272 0.5369576811376414
0.1647171008353815 0.5343190249091431
0.16305163493131425 0.5316751516739147
0.16139443849757162 0.5290260872463174
0.15974552771475892 0.5263718574913995
0.1581049186825808 0.5237124883246415
0.15647262741968526 0.5210480057117046
0.15484866986350698 0.5183784356681773
0.1532330618701111 0.51570380425932
0.15162581921403995 0.5130241375998131
0.1500269575881572 0.510339461853499
0.1484364926034959 0.5076498032331284
0.14685443978910495 0.5049551880001039
0.14528081459189934 0.5022556424642243
0.14371563237650697 0.4995511929834266
0.14215890842512036 0.49684186596352903
0.14061065793734673 0.49412768785797356
0.13907089603005973 0.491408685167567
0.1375396377372522 0.48868488444022373
0.13601689800988848 0.48595631227070435
0.13450269171575924 0.48322299530035734
0.1329970336393359 0.48048496021685827
0.1314999384816269 0.477742233753951
0.13001142086003326 0.47499484269118386
0.1285314953082063 0.47224281385365013
0.1270601762759056 0.46948617411172516
0.12559747812885869 0.46672495038080564
0.1241434151486196 0.4639591696210444
0.12269800153242982 0.4611888588370887
0.1212612513930803 0.45841404507781647
0.11983317875877253 0.45563475543607135
0.11841379757298309 0.45285101704840014
0.11700312169432592 0.45006285709478516
0.11560116489641781 0.4472703027983807
0.11420794086774388 0.4444733814252463
0.11282346321152426 0.44167212028408215
0.11144774544558023 0.4388665467259601
0.11008080100220341 0.436056688144058
0.10872264322802383 0.43324257197339217
0.10737328538387947 0.43042422569054883
0.10603274064468826 0.4276016768134177
0.10470102209931742 0.4247749529009206
0.10337814275045676 0.42194408155274427
0.1020641155144918 0.41910909040906985
0.10075895322137751 0.41627000715030477
0.09946266861451258 0.41342685949680996
0.09817527435061568 0.4105796752086311
0.09689678299960136 0.40772848208522655
0.09562720704445749 0.4048733079651962
0.094366558881124 0.4020141807260109
0.09311485081837045 0.3991511282837379
0.09187209507767724 0.3962841785927699
0.09063830379311533 0.39341335964555124
0.08941348901122859 0.39053869947230657
0.08819766269091533 0.3876602261407641
0.08699083670331198 0.3847779677558838
0.08579302283167722 0.3818919524595817
0.08460423277127727 0.379002208430457
0.08342447812927056 0.3761087638835145
0.08225377042459536 0.3732116470698907
0.08109212108785746 0.3703108862765774
0.0799395414612174 0.36740650982614526
0.07879604279828134 0.364498546076469
0.07766163626399003 0.3615870234204478
0.07653633293450979 0.35867197028572995
0.0754201437971248 0.3557534151344343
0.07431307975013035 0.35283138646287415
0.07321515160272496 0.3499059128012763
0.07212637007490597 0.34697702271350456
0.0710467457973647 0.3440447447967799
0.06997628931138222 0.3411091076814013
0.06891501106872722 0.33817014003046764
0.06786292143155293 0.3352278705395953
0.06682003067229669 0.3322823279366398
0.06578634897357949 0.32933354098141443
0.06476188642810665 0.3263815384654109
0.06374665303856897 0.32342634921151614
0.06274065871754508 0.32046800207373205
0.06174391328740492 0.31750652593689377
0.06075642648021373 0.3145419497163871
0.05977820793763733 0.3115743023578677
0.058809267210847116 0.3086036128369762
0.05784961376042763 0.30562991015905666
0.05689925695628373 0.30265322335887296
0.055958206077549755 0.29967358150032664
0.055026470312497966 0.29669101367617057
0.05410405875844948 0.2937055490077269
0.05319098042168535 0.29071721664460154
0.05228724421735853 0.28772604576440153
0.05139285896940682 0.28473206557244735
0.05050783341046683 0.2817353053014896
0.04963217618178861 0.27873579421142325
0.04876589583315116 0.27573356158900125
0.04790900082277938 0.27272863674755055
0.04706149951726113 0.2697210490266831
0.046223400191465536 0.2667108277920114
0.04539471102846204 0.2636980024348606
0.04457544011944137 0.2606826023719834
0.04376559546363534 0.25766465704527014
0.04296518496823942 0.2546441959214634
0.042174216448335744 0.25162124849186945
0.041392697626815966 0.24859584427206993
0.040620636134307 0.24556801280163562
0.03985803950909528 0.2425377836438353
0.03910491519705417 0.23950518638534873
0.03836127055157057 0.2364702506359771
0.037627112833473864 0.23343300602835546
0.03690244921096408 0.230393482217661
0.036187286759542636 0.22735170888132503
0.035481632461943025 0.22430771571874292
0.034785493208062235 0.2212615324509836
0.03409887579489479 0.21821318882050117
0.03342178692646436 0.2151627145908419
0.03275423321376025 0.2121101395463553
0.03209622117467148 0.20905549349190242
0.0314477572339239 0.2059988062525667
0.030808847723017396 0.20294010767336004
0.03017949888016347 0.19987942761893326
0.02955971685022507 0.19681679597328341
0.028949507684656317 0.19375224263946403
0.028348877341443313 0.19068579753929032
0.027757831685045975 0.18761749061304883
0.02717637648634097 0.18454735181920473
0.026604517422565088 0.18147541113410878
0.026042260077260182 0.17840169855170648
0.025489609940218427 0.17532624408324246
0.02494657240742848 0.17224907775696938
0.024413152781023184 0.1691702296178537
0.023889356269227946 0.1660897297272842
0.02337518798630911 0.16300760816277576
0.022870652952524773 0.1599238950176775
0.022375756094075494 0.15683862040087843
0.021890502243055998 0.15375181443651315
0.021414896137408768 0.1506635072636693
0.020948942420876637 0.14757372903609092
0.020492645642958274 0.1444825099218855
0.020046010258863323 0.14138988010322878
0.019609040629469443 0.13829586977607164
0.01918174102127934 0.13520050914984275
0.018764115606378695 0.13210382844715532
0.018356168462396516 0.12900585790351157
0.017957903572464184 0.1259066277670071
0.01756932482517748 0.12280616829803725
0.01719043601455794 0.11970450976899914
0.01682124084001624 0.11660168246399766
0.016461742906315746 0.11349771667854908
0.0161119457235378 0.11039264271928688
0.01577185270704684 0.1072864909036633
0.015441467177457535 0.10417929155965501
0.015120792360601931 0.1010710750254666
0.014809831387498584 0.09796187164923387
0.014508587294321362 0.09485171178872935
0.014217063022370136 0.09174062581106322
0.0139352614180418 0.0886286440923885
0.013663185232802966 0.08551579701760371
0.013400837123162535 0.08240211498005787
0.013148219650646054 0.07928762838125109
0.012905335281770847 0.07617236763053957
0.012672186388021367 0.07305636314483777
0.012448775245826882 0.06993964534832314
0.012235104036538491 0.06682224467213652
0.012031174846408255 0.06370419155408667
0.011836989666568543 0.06058551643835271
0.011652550393012828 0.05746624977518641
0.011477858826577148 0.054346422020616646
0.011312916672922446 0.05122606363614935
0.011157725542517927 0.04810520508847191
0.011012286950625172 0.044983876849154766
0.010876602317283823 0.0418621093943557
0.010750672967297259 0.038739933204519586
0.010634500130219715 0.035617378764082566
0.010528084940344407 0.03249447656117396
0.010431428436692647 0.02937125708731815
0.01034453156300319 0.02624775083713862
0.010267395167723459 0.02312398830805757
0.010200020004000998 0.02
