2.1623017354619734 1.2246467991473532e-16
2.1622967907794193 0.003144732207736687
2.1622819567806566 0.006289433316067838
2.162257233612384 0.009434072225897048
2.162222621519099 0.012578617838741112
2.162178120843092 0.015723039057041255
2.1621237320244466 0.018867304784467107
2.1620594556010335 0.02201138392622778
2.1619852922085068 0.02515524538937583
2.161901242580295 0.028298858083118276
2.161807307547595 0.03144219091912055
2.1617034880393646 0.034585212811817465
2.161589785082313 0.037727892678717095
2.1614661998008913 0.0408701994407117
2.161332733417278 0.04401210202238199
2.1611893872513708 0.04715356935230575
2.161036162720774 0.05029457036336647
2.160873061340779 0.05343507399305747
2.1607000847243567 0.0565750491837926
2.1605172345821337 0.059714464883209896
2.1603245127223847 0.06285329004448216
2.1601219210510036 0.06599149362662048
2.1599094615714955 0.06912904459478472
2.1596871363849495 0.07226591192058694
2.15945494769002 0.07540206458240174
2.159212897782905 0.07853747156566952
2.1589609890573263 0.08167210186320675
2.1586992240044998 0.0848059244755095
2.1584276052131166 0.08793890841106133
2.1581461353693125 0.09107102268664109
2.1578548172566476 0.0942022363276263
2.1575536537560724 0.09733251836830287
2.1572426478459024 0.10046183785216796
2.1569218026017882 0.10359016383223951
2.156591121196686 0.10671746537135887
2.1562506069008256 0.1098437115425002
2.1559002630816764 0.11296887142907278
2.155540093203916 0.11609291412523036
2.1551701008293973 0.11921580873617325
2.1547902896171083 0.12233752437845731
2.154400663323142 0.12545803018029633
2.154001225800654 0.12857729528186873
2.1535919809998285 0.13169528883562387
2.153172932967837 0.13481198000658423
2.1527440858487976 0.1379273379726538
2.152305443883737 0.1410413319249193
2.151857011410545 0.14415393106795849
2.151398792863935 0.1472651046201411
2.1509307927753962 0.15037482181393685
2.150453015773153 0.1534830518962162
2.149965466582117 0.1565897641285578
2.1494681500238393 0.15969492778754932
2.1489610710164655 0.16279851216509442
2.1484442345746846 0.16590048656871365
2.147917645809682 0.16900082032184913
2.1473813099290844 0.17209948276416928
2.1468352322369153 0.175196443251869
2.1462794181335347 0.17829167115797617
2.145713873115592 0.18138513587265107
2.145138602775968 0.18447680680349252
2.1445536128037217 0.18756665337583708
2.1439589089840316 0.1906546450330647
2.1433544971981418 0.19374075123689755
2.1427403834233 0.19682494146770552
2.142116573732703 0.19990718522480447
2.141483074295431 0.2029874520267614
2.140839891376393 0.20606571141169283
2.140187031336258 0.20914193293756742
2.139524500631399 0.21221608618250815
2.1388523058138222 0.21528814074509034
2.1381704535311092 0.21835806624464565
2.1374789505263454 0.2214258323215591
2.136777803638057 0.22449140863757278
2.13606701980014 0.2275547648760823
2.1353466060417974 0.2306158707424403
2.134616569487462 0.23367469596425233
2.1338769173567336 0.23673121029167984
2.1331276569643007 0.23978538349773584
2.1323687957198745 0.24283718537858723
2.1316003411281086 0.24588658575385053
2.130822300788533 0.24893355446689167
2.130034682395472 0.2519780613851254
2.129237493737971 0.25502007640031044
2.128430742699721 0.2580595694288504
2.127614437258977 0.2610965104120882
2.1267885854884803 0.26413086931660645
2.1259531955553816 0.26716261613452125
2.125108275721158 0.27019172088378224
2.124253834341528 0.2732181536084662
2.1233898798663757 0.2762418843790745
2.1225164208396627 0.27926288329282994
2.121633465899343 0.28228112047397175
2.120741023777282 0.28529656607405
2.1198391032991646 0.28830919027222185
2.1189277133844113 0.2913189632755474
2.11800686304609 0.2943258553192818
2.117076561390827 0.2973298366671725
2.116136817618714 0.3003308776117504
2.11518764102322 0.30332894847462677
2.1142290409911 0.30632401960678335
2.1132610270022987 0.309316061388869
2.11228360862986 0.31230504423148975
2.1112967955398316 0.31529093857550256
2.110300597491169 0.3182737148923084
2.109295024335636 0.32125334368414377
2.1082800860177153 0.3242297954843712
2.1072557925745015 0.32720304085777163
2.1062221541356063 0.33017305040083694
2.1051791809230576 0.33313979474205757
2.1041268832511983 0.33610324454221624
2.1030652715265843 0.33906337049467516
2.1019943562478813 0.3420201433256689
2.1009141480057627 0.3449735337945904
2.0998246574828006 0.347923512694284
2.0987258954533656 0.35087005085133083
2.097617872783516 0.3538131191263388
2.0965006004308933 0.3567526884142316
2.0953740894446105 0.35968872964453574
2.0942383509651474 0.3626212137816671
2.0930933962242353 0.365550111825219
2.09193923654475 0.3684753948102501
2.0907758833405987 0.3713970338075681
2.089603348116605 0.37431499992401907
2.088421642468399 0.3772292643027698
2.087230778082298 0.38013979812359683
2.0860307667351963 0.3830465726031676
2.0848216202944423 0.38594955899532885
2.083603350717727 0.3888487285913878
2.082375970052965 0.3917440527203974
2.0811394904381695 0.3946355027494407
2.0798939241013397 0.397523050083913
2.078639283360336 0.40040666616780407
2.0773755806227596 0.4032863224839813
2.0761028283858263 0.4061619905544726
2.07482103923625 0.4090336419407459
2.073530225850109 0.4119012482439928
2.07223040099273 0.41476478110540693
2.070921577518555 0.41762421220646706
2.069603768371018 0.42047951326921423
2.068276986582413 0.4233306560565345
2.066941245273771 0.42617761237243557
2.0655965576547257 0.42902035406232647
2.064242937023383 0.43185885301329724
2.0628803967661917 0.43469308115439564
2.06150895035781 0.4375230104569045
2.0601286113609723 0.4403486129346193
2.0587393934263547 0.4431698606441263
2.0573413102924416 0.44598672568507597
2.0559343757853856 0.44879918020046233
2.0545186038188774 0.45160719637689495
2.0530940083940017 0.45441074644487756
2.051660603599104 0.457209802679079
2.0502184036096462 0.4600043373986111
2.048767422688072 0.4627943229672993
2.047307675183661 0.4655797317939572
2.0458391755323886 0.4683605363326604
2.0443619382567846 0.47113670908301786
2.042875977965788 0.47390822259044335
2.0413813093546023 0.4766750494464274
2.039877947204551 0.47943716228880995
2.0383659063829316 0.4821945338020477
2.0368452018428673 0.4849471367174879
2.0353158486231617 0.4876949438136345
2.0337778618481455 0.4904379279164206
2.032231256727533 0.49317606189947427
2.0306760485562663 0.49590931868438953
2.0291122527143663 0.49863767124099173
2.0275398846667816 0.501361092587606
2.0259589599632344 0.5040795557913245
2.024369494238065 0.5067930339682726
2.0227715032100813 0.5095015002838733
2.021165002682399 0.5122049279531143
2.01955000854229 0.5149032902408128
2.0179265367610197 0.5175965604618784
2.0162946033936944 0.5202847119815791
2.0146542245790977 0.5229677182158023
2.013005416539535 0.5256455526313208
2.0113481955806716 0.5283181887460513
2.009682578091369 0.5309856001293204
2.008008580543529 0.5336477604021226
2.006326219491924 0.5363046432373825
2.004635511574035 0.5389562223602162
2.002936473509892 0.5416024715481901
2.0012291221019005 0.5442433646315792
1.999513474234684 0.5468788754936273
1.9977895468749096 0.5495089780708062
1.9960573570711249 0.5521336463530702
1.994316921953587 0.5547528543841173
1.9925682587340943 0.5573665762616421
1.9908113847058153 0.5599747861375954
1.9890463172431199 0.562577458218437
1.9872730738014035 0.5651745667653928
1.9854916719169184 0.567766086094708
1.9837021292065986 0.5703519905779014
1.9819044633678848 0.5729322546420198
1.980098692178551 0.57550685276989
1.978284833496528 0.5780757595003709
1.9764629052597262 0.5806389494286055
1.9746329254858592 0.5831963972062735
1.9727949122722654 0.5857480775418393
1.9709488837957283 0.5882939652008052
1.9690948583122976 0.5908340350059579
1.967232854157108 0.5933682618376204
1.965362889744199 0.5958966206338976
1.9634849835663308 0.5984190863909269
1.9615991541948035 0.6009356341631231
1.9597054202792723 0.6034462390634262
1.9578038005475633 0.6059508762635479
1.9558943138054883 0.6084495209942171
1.9539769789366586 0.6109421485454231
1.9520518149022994 0.6134287342666618
1.95011884074106 0.6159092535671797
1.9481780755688283 0.6183836819162153
1.946229538578539 0.6208519948432437
1.9442732490399866 0.6233141679382166
1.9423092262996315 0.6257701768518059
1.9403374897804129 0.6282199972956422
1.9383580589815523 0.6306636050425573
1.9363709534783637 0.6331009759268215
1.9343761929220595 0.635532085844384
1.9323737970395547 0.6379569107531118
1.930363785633273 0.6403754266730259
1.9283461785809513 0.6427876096865395
1.9263209958354428 0.6451934359386934
1.9242882574245184 0.6475928816373941
1.922247983450671 0.6499859230536466
1.9202001940909141 0.6523725365217911
1.9181449095965855 0.6547526984397349
1.9160821502931429 0.6571263852691887
1.9140119365799666 0.6594935735358958
1.9119342889301558 0.661854239829868
1.9098492278903267 0.6642083608056142
1.9077567740804096 0.6665559131823721
1.9056569481934436 0.6688968737443394
1.9035497709953735 0.6712312193409028
1.9014352633248444 0.673558926886866
1.8993134460929946 0.675879973362679
1.8971843402832491 0.6781943358146665
1.895047966951113 0.6805019913552524
1.892904347223962 0.6828029171631891
1.8907535023008342 0.6850970904837811
1.8885954534522205 0.6873844886291103
1.8864302220198537 0.6896650889782618
1.8842578294164978 0.6919388689775462
1.8820782971257366 0.6942058061407227
1.8798916467017612 0.6964658780492218
1.8776978997691554 0.6987190623523672
1.8754970780226834 0.7009653367675974
1.8732892032270756 0.7032046790806841
1.8710742972168117 0.7054370671459531
1.8688523818959057 0.7076624788865045
1.86662347923769 0.7098808922944286
1.8643876112845958 0.7120922854310257
1.8621448001479384 0.7142966364270211
1.8598950680076962 0.7164939234827834
1.8576384371122914 0.7186841248685383
1.8553749297783704 0.720867218924585
1.8531045683905842 0.7230431840615095
1.8508273754013655 0.7252119987603973
1.848543373330707 0.7273736415730485
1.846252584765939 0.7295280911221884
1.843955032361506 0.7316753261016785
1.841650738838743 0.7338153252767277
1.8393397269856495 0.7359480674841035
1.837022019656666 0.738073531632339
1.8346976397724457 0.7401916967019436
1.8323666103196306 0.7423025417456095
1.8300289543506219 0.744406045888419
1.827684694983353 0.7465021883280519
1.82533385540106 0.7485909483349906
1.8229764588520545 0.7506723052527245
1.820612528649492 0.7527462384979549
1.818242088171141 0.7548127275607988
1.8158651608591525 0.7568717520049918
1.813481770219829 0.758923291468089
1.8110919398233907 0.7609673256616676
1.8086956933037424 0.7630038343715274
1.8062930543582418 0.7650327974578899
1.8038840467474615 0.7670541948555988
1.801468694294958 0.769068006574317
1.799047020887034 0.7710742126987248
1.7966190504725013 0.7730727933887176
1.7941848070624455 0.7750637288796016
1.791744314729989 0.7770469994822886
1.7892975976100518 0.7790225855834911
1.7868446798991122 0.7809904676459176
1.7843855858549695 0.7829506262084631
1.7819203397965018 0.7849030418864046
1.7794489661034285 0.7868476953715899
1.7769714892160655 0.7887845674326315
1.774487933635087 0.7907136389150937
1.7719983239212802 0.7926348907416848
1.7695026846953048 0.7945483039124439
1.7670010406374488 0.7964538595049291
1.764493416487383 0.7983515386744058
1.7619798370439181 0.8002413226540321
1.7594603271647593 0.802123192755044
1.7569349117662598 0.8039971303669405
1.7544036158231744 0.8058631169576692
1.7518664643684128 0.8077211340738067
1.7493234824927917 0.8095711633407441
1.7467746953447885 0.8114131864628658
1.7442201281302883 0.8132471852237331
1.7416598061123405 0.8150731414862622
1.7390937546109029 0.8168910371929055
1.7365219990025966 0.8187008543658283
1.733944564720452 0.8205025751070876
1.7313614772536574 0.8222961815988094
1.7287727621473072 0.8240816561033644
1.726178445002151 0.8258589809635433
1.7235785514743385 0.8276281386027312
1.7209731072751653 0.8293891115250829
1.718362138170821 0.8311418823156935
1.7157456699821316 0.8328864336407735
1.7131237285843073 0.8346227482478172
1.710496339906683 0.8363508089657762
1.7078635299324654 0.8380705987052265
1.7052253246984728 0.8397821004585397
1.7025817502948801 0.8414852973000504
1.6999328328649603 0.8431801723862224
1.697278598604825 0.8448667089558177
1.6946190737631655 0.8465448903300605
1.6919542846409936 0.8482146999128024
1.689284257591383 0.8498761211906865
1.6866090190192053 0.8515291377333112
1.6839285953808711 0.8531737331933928
1.681243013184069 0.8548098913069261
1.678552298987502 0.8564375958933461
1.6758564794006248 0.8580568308556876
1.673155581083382 0.8596675801807452
1.6704496307459424 0.8612698279392308
1.6677386551484374 0.8628635582859312
1.6650226811006952 0.864448755459865
1.6623017354619736 0.8660254037844386
1.6595758451406974 0.8675934876676012
1.6568450370941918 0.869152991601999
1.6541093383284151 0.8707039001651276
1.6513687758976905 0.8722461980194862
1.64862337690444 0.8737798699127285
1.6458731684989176 0.8753049006778131
1.6431181778789379 0.8768212752331537
1.6403584322896092 0.8783289785827687
1.6375939590230635 0.8798279958164293
1.6348247854181852 0.881318312109807
1.632050938860344 0.8827999127246198
1.6292724467811215 0.8842727830087778
1.6264893366580397 0.8857369083965293
1.6237016360142906 0.887192274408604
1.620909372418464 0.8886388666523559
1.6181125734842745 0.8900766708219059
1.6153112668702876 0.8915056726982837
1.6125054802796468 0.8929258581495685
1.6096952414598003 0.8943372131310273
1.6068805782022257 0.8957397236852556
1.6040615183421565 0.8971333759423141
1.601238089758304 0.8985181561198672
1.5984103203725843 0.8998940505233182
1.5955782381498416 0.9012610455459448
1.5927418710975714 0.902619127669034
1.5899012472656426 0.903968283462016
1.5870563947460212 0.9053084995825966
1.5842073416724924 0.9066397627768894
1.5813541162203835 0.9079620598795461
1.5784967466062814 0.9092753778138883
1.5756352610877575 0.9105797035920355
1.5727696879630872 0.9118750243150338
1.5699000555709695 0.9131613271729834
1.5670263922902468 0.9144385994451657
1.5641487265396246 0.9157068285001692
1.5612670867773897 0.9169660017960134
1.5583815015011302 0.918216106880274
1.5554919992474523 0.9194571313902055
1.5525986085916987 0.9206890630528631
1.5497013581476664 0.9219118896852251
1.5468002765673223 0.9231255991943124
1.5438953925405219 0.9243301795773083
1.5409867347947235 0.925525618921678
1.5380743320947057 0.926711905405285
1.5351582132422819 0.9278890272965093
1.5322384070760164 0.9290569729543627
1.5293149424709387 0.9302157308286043
1.5263878483382571 0.9313652894598542
1.5234571536250745 0.9325056374797075
1.5205228873141008 0.9336367636108461
1.517585078423367 0.9347586566671511
1.5146437560059376 0.935871305553812
1.5116989491496244 0.936974699267438
1.508750686976697 0.9380688268961658
1.5057989986435967 0.9391536776197678
1.502843913340647 0.9402292407097589
1.4998854602917657 0.9412955055295033
1.4969236687541747 0.9423524615343186
1.4939585680181124 0.9434000982715812
1.490990187406542 0.9444384053808289
1.4880185562748638 0.9454673725938635
1.4850437040106226 0.9464869897348525
1.4820656600332185 0.9474972467204298
1.479084453793616 0.9484981335597952
1.476100114774052 0.9494896403548133
1.4731126724877446 0.9504717573001115
1.4701221564786011 0.9514444746831766
1.4671285963209266 0.9524077828844514
1.4641320216191303 0.9533616723774293
1.4611324620074333 0.9543061337287488
1.4581299471495757 0.9552411575982869
1.4551245067385237 0.956166734739251
1.4521161704961745 0.9570828559982708
1.4491049681730634 0.9579895123154889
1.4460909295480702 0.9588866947246497
1.4430740844281227 0.959774394353189
1.440054462647904 0.960652602422321
1.4370320940695562 0.9615213102471255
1.434007008582386 0.9623805092366335
1.430979236102568 0.9632301908939126
1.4279488065728498 0.9640703468161507
1.4249157499622553 0.964900968694739
1.4218800962657892 0.9657220483153546
1.4188418755041383 0.9665335775580414
1.415801117723378 0.9673355483972902
1.4127578529946718 0.9681279529021187
1.4097121114139757 0.9689107832361495
1.4066639231017404 0.9696840316576876
1.4036133182026127 0.970447690519797
1.4005603268851383 0.9712017522703763
1.3975049793414633 0.9719462094522336
1.394447305787035 0.97268105470316
1.3913873364603033 0.9734062807560027
1.3883251016224225 0.9741218804387363
1.3852606315569507 0.9748278466745341
1.382193956569551 0.9755241724818388
1.3791251069876924 0.9762108509744296
1.376054113160349 0.9768878753614926
1.3729810054576996 0.9775552389476863
1.3699058142708285 0.9782129351332084
1.3668285700114242 0.9788609574138615
1.3637493031114787 0.9794992993811165
1.3606680440229864 0.9801279547221766
1.3575848232176435 0.9807469172200396
1.3544996711865462 0.9813561807535595
1.3514126184398898 0.9819557392975067
1.3483236955066655 0.9825455869226277
1.3452329329343602 0.9831257177957042
1.342140361288653 0.9836961261796101
1.3390460111531148 0.9842568064333687
1.3359499131289037 0.984807753012208
1.3328520978344631 0.9853489604676164
1.3297525959052197 0.9858804234473958
1.3266514379932794 0.9864021366957145
1.3235486547671256 0.98691409505316
1.3204442769113143 0.9874162934567889
1.3173383351261714 0.9879087269401781
1.314230860127489 0.9883913906334728
1.3111218826462225 0.9888642797634357
1.308011433428185 0.9893273896534935
1.3048995432337442 0.9897807157237835
1.3017862428375189 0.9902242534911985
1.2986715630280732 0.9906579985694317
1.295555534607613 0.9910819466690196
1.2924381883916811 0.9914960935973848
1.289319555208852 0.9919004352588768
1.2861996659004284 0.9922949676548137
1.2830785513201346 0.9926796868835203
1.279956242333812 0.9930545891403677
1.2768327698191144 0.9934196707178107
1.2737081646652018 0.9937749280054242
1.2705824577724354 0.9941203574899392
1.2674556800520718 0.9944559557552776
1.2643278624259575 0.9947817194825853
1.261199035826223 0.995097645450266
1.2580692311949773 0.9954037305340125
1.2549384794840006 0.9956999717068377
1.25180681165444 0.9959863660391044
1.2486742586765018 0.9962629106985544
1.2455408515291462 0.9965296029503367
1.2424066211997804 0.9967864401570343
1.2392715986839529 0.9970334197786902
1.2361358149850454 0.9972705393728327
1.2329993011139682 0.9974977965944997
1.2298620880888518 0.9977151891962615
1.2267242069347417 0.9979227150282433
1.2235856886832897 0.9981203720381463
1.2204465643724491 0.9983081582712682
1.2173068650461665 0.9984860718705224
1.2141666217540743 0.9986541110764564
1.2110258655511854 0.9988122742272691
1.2078846274975845 0.9989605597588275
1.2047429386581217 0.9990989662046814
1.2016008301021046 0.9992274921960794
1.1984583329029925 0.9993461364619809
1.195315478138087 0.9994548978290693
1.1921722968882267 0.9995537752217638
1.1890288202374784 0.9996427676622299
1.1858850792728304 0.9997218742703887
1.1827411050838847 0.9997910942639262
1.1795969287625507 0.9998504269583004
1.1764525814027353 0.9998998717667489
1.173308094100038 0.9999394282002937
1.1701634979514415 0.9999690958677468
1.1670188240550055 0.999988874475714
1.163874103509558 0.9999987638285974
1.1607293674143888 0.9999987638285974
1.1575846468689412 0.999988874475714
1.1544399729725052 0.9999690958677468
1.1512953768239087 0.9999394282002937
1.1481508895212114 0.9998998717667489
1.1450065421613962 0.9998504269583004
1.1418623658400617 0.9997910942639262
1.1387183916511163 0.9997218742703887
1.1355746506864686 0.9996427676622299
1.1324311740357202 0.9995537752217638
1.12928799278586 0.9994548978290693
1.1261451380209544 0.9993461364619809
1.123002640821842 0.9992274921960794
1.119860532265825 0.9990989662046815
1.1167188434263622 0.9989605597588275
1.1135776053727613 0.9988122742272691
1.1104368491698724 0.9986541110764564
1.1072966058777804 0.9984860718705224
1.1041569065514978 0.9983081582712682
1.101017782240657 0.9981203720381463
1.0978792639892052 0.9979227150282433
1.094741382835095 0.9977151891962615
1.0916041698099788 0.9974977965944997
1.0884676559389015 0.9972705393728327
1.085331872239994 0.9970334197786902
1.0821968497241663 0.9967864401570343
1.0790626193948007 0.9965296029503368
1.075929212247445 0.9962629106985544
1.0727966592695068 0.9959863660391044
1.069664991439946 0.9956999717068377
1.0665342397289694 0.9954037305340125
1.0634044350977239 0.995097645450266
1.0602756084979892 0.9947817194825853
1.0571477908718752 0.9944559557552776
1.0540210131515115 0.9941203574899393
1.0508953062587452 0.9937749280054242
1.0477707011048325 0.9934196707178107
1.0446472285901347 0.9930545891403677
1.0415249196038123 0.9926796868835203
1.0384038050235183 0.9922949676548137
1.0352839157150946 0.991900435258877
1.0321652825322658 0.9914960935973848
1.0290479363163338 0.9910819466690197
1.0259319078958735 0.9906579985694317
1.0228172280864278 0.9902242534911986
1.0197039276902025 0.9897807157237835
1.0165920374957618 0.9893273896534935
1.0134815882777244 0.9888642797634357
1.0103726107964577 0.9883913906334728
1.0072651357977755 0.9879087269401781
1.0041591940126326 0.9874162934567889
1.0010548161568211 0.98691409505316
0.9979520329306673 0.9864021366957146
0.9948508750187273 0.9858804234473958
0.9917513730894838 0.9853489604676166
0.9886535577950432 0.9848077530122081
0.9855574597708319 0.9842568064333687
0.9824631096352935 0.9836961261796101
0.9793705379895866 0.9831257177957042
0.9762797754172814 0.9825455869226277
0.9731908524840571 0.9819557392975067
0.9701037997374005 0.9813561807535595
0.9670186477063034 0.9807469172200396
0.9639354269009606 0.9801279547221766
0.9608541678124682 0.9794992993811165
0.9577749009125226 0.9788609574138615
0.9546976566531182 0.9782129351332084
0.9516224654662472 0.9775552389476863
0.9485493577635978 0.9768878753614926
0.9454783639362543 0.9762108509744296
0.9424095143543957 0.9755241724818386
0.9393428393669961 0.9748278466745341
0.9362783693015243 0.9741218804387363
0.9332161344636434 0.9734062807560027
0.9301561651369118 0.9726810547031601
0.9270984915824834 0.9719462094522336
0.9240431440388084 0.9712017522703763
0.9209901527213342 0.970447690519797
0.9179395478222065 0.9696840316576877
0.914891359509971 0.9689107832361497
0.911845617929275 0.9681279529021188
0.9088023532005688 0.9673355483972903
0.9057615954198084 0.9665335775580414
0.9027233746581578 0.9657220483153546
0.8996877209616914 0.964900968694739
0.8966546643510971 0.9640703468161507
0.8936242348213788 0.9632301908939126
0.8905964623415608 0.9623805092366335
0.8875713768543905 0.9615213102471255
0.8845490082760429 0.9606526024223211
0.8815293864958241 0.9597743943531891
0.8785125413758766 0.9588866947246498
0.8754985027508833 0.9579895123154889
0.8724873004277723 0.9570828559982709
0.8694789641854231 0.956166734739251
0.866473523774371 0.9552411575982869
0.8634710089165136 0.9543061337287488
0.8604714493048167 0.9533616723774293
0.8574748746030202 0.9524077828844515
0.8544813144453456 0.9514444746831767
0.8514907984362022 0.9504717573001116
0.8485033561498947 0.9494896403548134
0.8455190171303306 0.9484981335597953
0.8425378108907282 0.9474972467204298
0.8395597669133241 0.9464869897348525
0.8365849146490829 0.9454673725938635
0.8336132835174046 0.9444384053808289
0.8306449029058345 0.9434000982715813
0.8276798021697719 0.9423524615343186
0.8247180106321811 0.9412955055295033
0.8217595575832997 0.9402292407097589
0.8188044722803501 0.9391536776197678
0.8158527839472498 0.9380688268961659
0.8129045217743225 0.9369746992674381
0.8099597149180091 0.935871305553812
0.8070183925005798 0.9347586566671511
0.804080583609846 0.9336367636108462
0.8011463172988723 0.9325056374797075
0.7982156225856898 0.9313652894598542
0.7952885284530082 0.9302157308286043
0.7923650638479303 0.9290569729543628
0.7894452576816647 0.9278890272965093
0.7865291388292411 0.926711905405285
0.7836167361292232 0.925525618921678
0.7807080783834248 0.9243301795773083
0.7778031943566244 0.9231255991943124
0.7749021127762803 0.9219118896852251
0.772004862332248 0.9206890630528631
0.7691114716764945 0.9194571313902055
0.7662219694228166 0.9182161068802741
0.7633363841465571 0.9169660017960134
0.7604547443843224 0.9157068285001692
0.7575770786336999 0.9144385994451658
0.7547034153529772 0.9131613271729834
0.7518337829608595 0.9118750243150338
0.7489682098361894 0.9105797035920355
0.7461067243176658 0.9092753778138885
0.7432493547035637 0.9079620598795464
0.740396129251454 0.9066397627768894
0.7375470761779258 0.9053084995825968
0.7347022236583043 0.9039682834620161
0.7318615998263751 0.902619127669034
0.7290252327741049 0.9012610455459448
0.7261931505513622 0.8998940505233182
0.7233653811656429 0.8985181561198674
0.7205419525817902 0.8971333759423141
0.7177228927217209 0.8957397236852555
0.7149082294641464 0.8943372131310272
0.7120979906443003 0.8929258581495686
0.7092922040536593 0.891505672698284
0.7064908974396724 0.8900766708219061
0.7036940985054825 0.8886388666523559
0.7009018349096564 0.8871922744086042
0.6981141342659074 0.8857369083965294
0.6953310241428252 0.8842727830087778
0.6925525320636026 0.8827999127246197
0.6897786855057614 0.881318312109807
0.6870095119008836 0.8798279958164295
0.6842450386343373 0.8783289785827686
0.6814852930450087 0.8768212752331537
0.6787303024250289 0.875304900677813
0.6759800940195068 0.8737798699127286
0.6732346950262564 0.8722461980194862
0.6704941325955318 0.8707039001651277
0.6677584338297546 0.8691529916019989
0.6650276257832495 0.8675934876676015
0.6623017354619734 0.8660254037844387
0.6595807898232515 0.8644487554598649
0.6568648157755089 0.8628635582859312
0.6541538401780039 0.8612698279392308
0.6514478898405649 0.8596675801807453
0.6487469915233217 0.8580568308556875
0.6460511719364448 0.856437595893346
0.6433604577398775 0.854809891306926
0.6406748755430758 0.853173733193393
0.6379944519047417 0.8515291377333113
0.6353192133325639 0.8498761211906866
0.6326491862829529 0.8482146999128023
0.6299843971607816 0.8465448903300608
0.6273248723191217 0.8448667089558178
0.624670638058986 0.8431801723862222
0.6220217206290665 0.8414852973000502
0.6193781462254739 0.8397821004585397
0.6167399409914816 0.8380705987052266
0.6141071310172636 0.8363508089657761
0.6114797423396395 0.8346227482478175
0.6088578009418149 0.8328864336407734
0.606241332753126 0.8311418823156937
0.6036303636487813 0.8293891115250828
0.6010249194496085 0.8276281386027313
0.5984250259217955 0.8258589809635432
0.5958307087766397 0.8240816561033646
0.5932419936702896 0.8222961815988095
0.5906589062034945 0.8205025751070874
0.5880814719213499 0.8187008543658281
0.5855097163130436 0.8168910371929053
0.5829436648116065 0.8150731414862623
0.5803833427936582 0.813247185223733
0.5778287755791586 0.8114131864628659
0.5752799884311547 0.809571163340744
0.5727370065555341 0.8077211340738069
0.5701998551007722 0.8058631169576691
0.5676685591576869 0.8039971303669406
0.5651431437591872 0.8021231927550438
0.5626236338800283 0.8002413226540319
0.5601100544365639 0.798351538674406
0.5576024302864978 0.796453859504929
0.5551007862286418 0.7945483039124437
0.5526051470026664 0.7926348907416847
0.5501155372888599 0.7907136389150938
0.547631981707881 0.7887845674326314
0.5451545048205183 0.7868476953715902
0.5426831311274447 0.7849030418864045
0.5402178850689775 0.7829506262084633
0.5377587910248345 0.7809904676459174
0.5353058733138951 0.7790225855834914
0.5328591561939575 0.7770469994822885
0.530418663861501 0.7750637288796015
0.5279844204514458 0.7730727933887178
0.5255564500369126 0.7710742126987247
0.5231347766289886 0.7690680065743168
0.520719424176485 0.7670541948555987
0.5183104165657052 0.7650327974578901
0.5159077776202041 0.7630038343715273
0.5135115311005563 0.7609673256616677
0.5111217007041176 0.7589232914680889
0.5087383100647943 0.7568717520049919
0.5063613827528057 0.7548127275607989
0.5039909422744547 0.752746238497955
0.501627012071892 0.7506723052527243
0.4992696155228865 0.7485909483349905
0.4969187759405941 0.746502188328052
0.49457451657332474 0.7444060458884189
0.49223686060431615 0.7423025417456094
0.4899058311515009 0.7401916967019435
0.4875814512672809 0.7380735316323391
0.48526374393829697 0.7359480674841035
0.48295273208520373 0.7338153252767279
0.48064843856244055 0.7316753261016784
0.4783508861580079 0.7295280911221886
0.47606009759323975 0.7273736415730487
0.4737760955225814 0.7252119987603975
0.47149890253336246 0.7230431840615094
0.4692285411455761 0.7208672189245849
0.46696503381165555 0.7186841248685384
0.4647084029162504 0.7164939234827832
0.4624586707760081 0.714296636427021
0.46021585963935074 0.7120922854310254
0.457979991686257 0.7098808922944286
0.45575108902804096 0.7076624788865045
0.4535291737071352 0.7054370671459533
0.4513142676968711 0.703204679080684
0.4491063929012633 0.7009653367675976
0.44690557115479146 0.6987190623523676
0.4447118242221857 0.696465878049222
0.4425251737982099 0.6942058061407227
0.4403456415074489 0.6919388689775461
0.43817324890409326 0.6896650889782621
0.43600801747172624 0.6873844886291103
0.43384996862311254 0.685097090483781
0.43169912369998464 0.6828029171631891
0.4295555039728338 0.6805019913552526
0.42741913064069736 0.6781943358146664
0.42529002483095235 0.6758799733626792
0.42316820759910234 0.6735589268868659
0.42105369992857344 0.671231219340903
0.41894652273050337 0.6688968737443396
0.41684669684353737 0.6665559131823723
0.41475424303361996 0.6642083608056141
0.41266918199379077 0.661854239829868
0.4105915343439802 0.659493573535896
0.4085213206308038 0.6571263852691885
0.40645856132736147 0.6547526984397352
0.40440327683303234 0.652372536521791
0.402355487473276 0.6499859230536469
0.40031521349942834 0.647592881637394
0.39828247508850423 0.6451934359386936
0.39625729234299534 0.6427876096865394
0.394239685290674 0.6403754266730263
0.3922296738843922 0.637956910753112
0.3902272780018874 0.6355320858443844
0.38823251744558285 0.6331009759268214
0.38624541194239437 0.6306636050425571
0.38426598114353394 0.6282199972956425
0.38229424462431505 0.6257701768518059
0.3803302218839605 0.6233141679382168
0.3783739323454076 0.6208519948432436
0.37642539535511865 0.6183836819162155
0.3744846301828866 0.6159092535671796
0.3725516560216475 0.613428734266662
0.37062649198728803 0.610942148545423
0.36870915711845864 0.6084495209942173
0.3667996703763835 0.6059508762635483
0.3648980506446746 0.6034462390634264
0.36300431672914324 0.600935634163123
0.36111848735761587 0.5984190863909268
0.3592405811797479 0.5958966206338978
0.35737061676683846 0.5933682618376204
0.35550861261164923 0.5908340350059582
0.3536545871282184 0.5882939652008051
0.3518085586516815 0.5857480775418396
0.3499705454380875 0.5831963972062734
0.3481405656642207 0.5806389494286057
0.34631863742741875 0.5780757595003708
0.34450477874539587 0.5755068527698903
0.34269900755606186 0.57293225464202
0.3409013417173483 0.5703519905779018
0.33911179900702815 0.567766086094708
0.3373303971225432 0.5651745667653928
0.33555715368082706 0.5625774582184373
0.33379208621813117 0.5599747861375954
0.33203521218985277 0.5573665762616423
0.3302865489703597 0.5547528543841171
0.32854611385282184 0.5521336463530705
0.326813924049037 0.5495089780708061
0.32508999668926286 0.5468788754936277
0.3233743488220461 0.5442433646315791
0.32166699741405536 0.5416024715481903
0.3199679593499116 0.5389562223602166
0.31827725143202323 0.5363046432373828
0.31659489038041744 0.5336477604021225
0.31492089283257707 0.5309856001293203
0.3132552753432756 0.5283181887460516
0.3115980543844119 0.5256455526313207
0.30994924634484944 0.5229677182158027
0.30830886753025255 0.520284711981579
0.30667693416292685 0.5175965604618786
0.30505346238165654 0.5149032902408127
0.3034384682415474 0.5122049279531146
0.30183196771386567 0.5095015002838733
0.30023397668588214 0.5067930339682728
0.2986445109607129 0.5040795557913248
0.29706358625716534 0.5013610925876062
0.2954912182095806 0.4986376712409917
0.29392742236768066 0.4959093186843895
0.2923722141964138 0.49317606189947455
0.290825609075801 0.49043792791642055
0.2892876223007853 0.48769494381363476
0.28775826908107915 0.4849471367174878
0.28623756454101534 0.482194533802048
0.28472552371939575 0.47943716228880984
0.28322216156934465 0.47667504944642775
0.2817274929581588 0.47390822259044324
0.2802415326671621 0.4711367090830182
0.2787642953915582 0.46836053633266067
0.27729579574028596 0.46557973179395706
0.2758360482358748 0.46279432296729917
0.27438506731430035 0.460004337398611
0.2729428673248431 0.4572098026790793
0.271509462529945 0.45441074644487744
0.27008486710506974 0.4516071963768953
0.2686690951385611 0.4487991802004622
0.26726216063150554 0.44598672568507625
0.26586407749759167 0.44316986064412617
0.26447485956297434 0.44034861293461963
0.2630945205661366 0.43752301045690445
0.2617230741577552 0.434693081154396
0.2603605339005639 0.4318588530132975
0.259006913269221 0.4290203540623264
0.2576622256501754 0.42617761237243545
0.2563264843415335 0.4233306560565344
0.25499970255292914 0.4204795132692145
0.2536818934053915 0.41762421220646695
0.25237306993121666 0.41476478110540727
0.25107324507383766 0.4119012482439927
0.24978243168769731 0.40903364194074615
0.2485006425381202 0.4061619905544725
0.24722789030118741 0.40328632248398155
0.24596418756361027 0.40040666616780396
0.24470954682260693 0.3975230500839133
0.24346398048577733 0.394635502749441
0.242227500870982 0.3917440527203973
0.24100012020621941 0.3888487285913877
0.23978185062950463 0.38594955899532873
0.23857270418875087 0.3830465726031679
0.2373726928416483 0.3801397981235967
0.23618182845554758 0.37722926430277015
0.23500012280734106 0.37431499992401895
0.23382758758334776 0.3713970338075684
0.23266423437919626 0.36847539481025
0.2315100746997114 0.36555011182521935
0.2303651199587995 0.36262121378166706
0.22922938147933614 0.3596887296445361
0.22810287049305356 0.3567526884142319
0.2269855981404305 0.35381311912633867
0.22587757547058107 0.3508700508513307
0.22477881344114592 0.3479235126942839
0.2236893229181841 0.3449735337945907
0.22260911467606492 0.34202014332566877
0.22153819939736252 0.3390633704946755
0.22047658767274847 0.33610324454221613
0.21942429000088925 0.33313979474205785
0.2183813167883405 0.3301730504008369
0.21734767834944513 0.32720304085777197
0.21632338490623104 0.3242297954843711
0.21530844658831017 0.3212533436841441
0.21430287343277798 0.3182737148923087
0.21330667538411463 0.31529093857550244
0.2123198622940864 0.3123050442314897
0.21134244392164803 0.3093160613888689
0.21037442993284694 0.3063240196067837
0.2094158299007266 0.30332894847462666
0.20846665330523306 0.30033087761175076
0.2075269095331198 0.2973298366671724
0.2065966078778565 0.29432585531928207
0.2056757575395356 0.2913189632755473
0.20476436762478256 0.2883091902722222
0.2038624471466648 0.2852965660740499
0.20297000502460327 0.2822811204739721
0.20208705008428396 0.2792628832928302
0.20121359105757064 0.2762418843790744
0.20034963658241867 0.2732181536084661
0.19949519520278902 0.2701917208837821
0.19865027536856472 0.2671626161345216
0.19781488543546633 0.26413086931660634
0.19698903366497011 0.26109651041208853
0.19617272822422538 0.2580595694288503
0.19536597718597515 0.25502007640031077
0.1945687885284746 0.2519780613851253
0.19378117013541363 0.248933554466892
0.1930031297958379 0.24588658575385042
0.19223467520407267 0.24283718537858753
0.19147581395964575 0.23978538349773615
0.19072655356721313 0.23673121029167973
0.18998690143648445 0.23367469596425267
0.18925686488214954 0.2306158707424402
0.18853645112380657 0.22755476487608264
0.18782566728589012 0.22449140863757266
0.1871245203976013 0.22142583232155943
0.18643301739283724 0.21835806624464554
0.18575116511012413 0.21528814074509064
0.18507897029254772 0.21221608618250803
0.18441643958768839 0.20914193293756772
0.18376357954755373 0.20606571141169272
0.18312039662851542 0.20298745202676172
0.182486897191244 0.1999071852248048
0.18186308750064661 0.1968249414677054
0.18124897372580528 0.19374075123689788
0.18064456193991518 0.1906546450330646
0.18004985812022534 0.1875666533758374
0.17946486814797857 0.1844768068034924
0.17888959780835467 0.18138513587265137
0.17832405279041186 0.17829167115797606
0.1777682386870314 0.1751964432518693
0.17722216099486188 0.17209948276416917
0.176685825114265 0.16900082032184946
0.1761592363492619 0.16590048656871353
0.17564239990748143 0.16279851216509475
0.17513532090010764 0.15969492778754962
0.17463800434183008 0.15658976412855768
0.17415045515079386 0.1534830518962165
0.1736726781485507 0.15037482181393674
0.17320467806001205 0.14726510462014142
0.1727464595134014 0.14415393106795837
0.17229802704020958 0.14104133192491963
0.17185938507514875 0.1379273379726537
0.17143053795610974 0.13481198000658456
0.17101148992411797 0.13169528883562376
0.1706022451232927 0.12857729528186904
0.17020280760080497 0.12545803018029622
0.1698131813068383 0.12233752437845719
0.16943337009454962 0.11921580873617357
0.16906337772003033 0.11609291412523025
0.16870320784227044 0.1129688714290731
0.1683528640231211 0.10984371154250007
0.16801234972726042 0.10671746537135919
0.16768166832215847 0.10359016383223939
0.16736082307804456 0.10046183785216828
0.16704981716787426 0.09733251836830274
0.16674865366729874 0.09420223632762662
0.1664573355546337 0.09107102268664097
0.16617586571083043 0.08793890841106165
0.16590424691944683 0.08480592447550937
0.16564248186662045 0.08167210186320663
0.16539057314104133 0.07853747156566984
0.16514852323392692 0.07540206458240162
0.16491633453899712 0.07226591192058726
0.1646940093524507 0.0691290445947846
0.1644815498729426 0.0659914936266208
0.16427895820156224 0.06285329004448204
0.16408623634181252 0.059714464883210215
0.16390338619959033 0.05657504918379248
0.16373040958316742 0.05343507399305779
0.16356730820317278 0.05029457036336635
0.16341408367257548 0.04715356935230607
0.16327073750666898 0.044012102022381865
0.16313727112305554 0.040870199440711574
0.16301368584163334 0.037727892678717415
0.16289998288458207 0.03458521281181734
0.16279616337635183 0.03144219091912087
0.16270222834365167 0.028298858083118154
0.1626181787154396 0.025155245389376153
0.16254401532291274 0.022011383926227663
0.16247973889950018 0.01886730478446743
0.162425350080855 0.015723039057041133
0.16238084940484787 0.012578617838741432
0.1623462373115624 0.009434072225896924
0.1623215141432901 0.00628943331606816
0.16230668014452743 0.003144732207736565
0.16230173546197335 0.0
