2.026342567691607 1.2246467991473532e-16
2.026337623009053 0.0031447322077366876
2.0263227890102904 0.006289433316067838
2.0262980658420178 0.009434072225897046
2.026263453748732 0.012578617838741112
2.0262189530727257 0.015723039057041255
2.0261645642540804 0.018867304784467107
2.0261002878306673 0.022011383926227784
2.0260261244381406 0.02515524538937583
2.0259420748099286 0.028298858083118276
2.0258481397772288 0.03144219091912055
2.0257443202689984 0.034585212811817465
2.025630617311947 0.03772789267871709
2.025507032030525 0.04087019944071169
2.0253735656469116 0.04401210202238198
2.0252302194810046 0.047153569352305746
2.0250769949504077 0.05029457036336647
2.024913893570413 0.05343507399305747
2.0247409169539896 0.0565750491837926
2.0245580668117675 0.059714464883209896
2.0243653449520185 0.06285329004448216
2.0241627532806374 0.06599149362662048
2.0239502938011293 0.06912904459478472
2.0237279686145833 0.07226591192058694
2.023495779919654 0.07540206458240174
2.023253730012539 0.07853747156566952
2.02300182128696 0.08167210186320675
2.0227400562341336 0.0848059244755095
2.0224684374427495 0.08793890841106132
2.0221869675989463 0.09107102268664109
2.0218956494862814 0.0942022363276263
2.0215944859857062 0.09733251836830287
2.021283480075536 0.10046183785216796
2.020962634831422 0.10359016383223951
2.02063195342632 0.10671746537135887
2.0202914391304594 0.1098437115425002
2.01994109531131 0.11296887142907278
2.0195809254335497 0.11609291412523036
2.019210933059031 0.11921580873617325
2.018831121846742 0.12233752437845731
2.018441495552775 0.12545803018029636
2.0180420580302876 0.12857729528186873
2.0176328132294623 0.13169528883562387
2.0172137651974706 0.13481198000658426
2.0167849180784314 0.13792733797265383
2.016346276113371 0.14104133192491933
2.015897843640179 0.14415393106795849
2.0154396250935687 0.1472651046201411
2.01497162500503 0.15037482181393688
2.014493848002787 0.1534830518962162
2.0140062988117506 0.15658976412855782
2.013508982253473 0.15969492778754932
2.0130019032460993 0.16279851216509442
2.0124850668043184 0.16590048656871365
2.0119584780393156 0.16900082032184913
2.011422142158718 0.17209948276416928
2.010876064466549 0.175196443251869
2.0103202503631685 0.17829167115797617
2.009754705345226 0.18138513587265107
2.009179435005602 0.18447680680349254
2.008594445033355 0.18756665337583708
2.007999741213665 0.1906546450330647
2.0073953294277747 0.19374075123689757
2.006781215652934 0.19682494146770554
2.0061574059623366 0.19990718522480447
2.005523906525065 0.2029874520267614
2.0048807236060266 0.20606571141169286
2.004227863565892 0.20914193293756742
2.003565332861032 0.21221608618250815
2.002893138043456 0.21528814074509034
2.002211285760743 0.21835806624464565
2.001519782755979 0.22142583232155913
2.00081863586769 0.22449140863757278
2.0001078520297737 0.22755476487608234
1.9993874382714307 0.23061587074244033
1.998657401717096 0.23367469596425236
1.9979177495863671 0.23673121029167987
1.9971684891939347 0.23978538349773584
1.9964096279495076 0.24283718537858723
1.9956411733577424 0.24588658575385056
1.9948631330181668 0.2489335544668917
1.9940755146251057 0.2519780613851254
1.9932783259676052 0.25502007640031044
1.9924715749293547 0.25805956942885044
1.9916552694886103 0.2610965104120882
1.9908294177181138 0.26413086931660645
1.9899940277850157 0.26716261613452125
1.9891491079507913 0.27019172088378224
1.9882946665711616 0.2732181536084662
1.9874307120960097 0.2762418843790745
1.9865572530692963 0.27926288329282994
1.9856742981289772 0.28228112047397175
1.9847818560069155 0.28529656607405
1.9838799355287977 0.28830919027222185
1.9829685456140445 0.29131896327554746
1.982047695275724 0.2943258553192818
1.9811173936204605 0.2973298366671725
1.9801776498483472 0.3003308776117504
1.9792284732528536 0.3033289484746268
1.9782698732207333 0.30632401960678335
1.9773018592319322 0.309316061388869
1.976324440859494 0.3123050442314898
1.9753376277694656 0.31529093857550256
1.9743414297208024 0.31827371489230843
1.97333585656527 0.32125334368414377
1.9723209182473493 0.3242297954843712
1.9712966248041353 0.3272030408577717
1.9702629863652399 0.330173050400837
1.9692200131526911 0.33313979474205757
1.9681677154808317 0.33610324454221624
1.9671061037562179 0.33906337049467516
1.9660351884775153 0.3420201433256689
1.9649549802353963 0.34497353379459045
1.9638654897124344 0.347923512694284
1.9627667276829992 0.35087005085133083
1.9616587050131498 0.3538131191263388
1.9605414326605268 0.35675268841423163
1.9594149216742442 0.35968872964453574
1.9582791831947808 0.3626212137816672
1.9571342284538689 0.365550111825219
1.955980068774384 0.3684753948102501
1.9548167155702327 0.3713970338075681
1.9536441803462392 0.37431499992401907
1.9524624746980328 0.3772292643027699
1.951271610311932 0.38013979812359683
1.9500715989648294 0.3830465726031676
1.9488624525240754 0.38594955899532885
1.947644182947361 0.3888487285913878
1.946416802282598 0.3917440527203974
1.945180322667803 0.3946355027494407
1.9439347563309735 0.39752305008391303
1.94268011558997 0.40040666616780407
1.941416412852393 0.4032863224839813
1.94014366061546 0.4061619905544726
1.938861871465883 0.4090336419407459
1.9375710580797425 0.4119012482439928
1.9362712332223637 0.41476478110540693
1.9349624097481888 0.41762421220646706
1.9336446006006514 0.42047951326921423
1.9323178188120467 0.4233306560565345
1.930982077503405 0.42617761237243557
1.9296373898843593 0.4290203540623265
1.9282837692530166 0.43185885301329724
1.9269212289958253 0.43469308115439564
1.9255497825874437 0.43752301045690456
1.924169443590606 0.44034861293461935
1.9227802256559887 0.4431698606441263
1.9213821425220747 0.44598672568507597
1.9199752080150192 0.44879918020046233
1.9185594360485108 0.451607196376895
1.9171348406236353 0.45441074644487756
1.9157014358287372 0.457209802679079
1.9142592358392798 0.4600043373986111
1.9128082549177055 0.4627943229672993
1.9113485074132943 0.4655797317939572
1.9098800077620222 0.4683605363326604
1.9084027704864182 0.4711367090830179
1.9069168101954215 0.47390822259044335
1.9054221415842358 0.47667504944642747
1.9039187794341845 0.47943716228880995
1.9024067386125652 0.48219453380204774
1.9008860340725011 0.4849471367174879
1.8993566808527953 0.4876949438136345
1.8978186940777793 0.49043792791642066
1.8962720889571665 0.49317606189947427
1.8947168807858994 0.49590931868438953
1.8931530849439995 0.4986376712409918
1.8915807168964152 0.501361092587606
1.8899997921928675 0.5040795557913245
1.8884103264676984 0.5067930339682726
1.8868123354397144 0.5095015002838734
1.885205834912033 0.5122049279531143
1.8835908407719237 0.5149032902408128
1.8819673689906535 0.5175965604618784
1.8803354356233275 0.5202847119815791
1.8786950568087308 0.5229677182158023
1.8770462487691684 0.5256455526313208
1.8753890278103047 0.5283181887460513
1.8737234103210032 0.5309856001293204
1.8720494127731628 0.5336477604021226
1.8703670517215574 0.5363046432373825
1.8686763438036686 0.5389562223602162
1.866977305739525 0.5416024715481901
1.865269954331534 0.5442433646315792
1.8635543064643176 0.5468788754936273
1.8618303791045432 0.5495089780708062
1.8600981893007587 0.5521336463530702
1.8583577541832204 0.5547528543841173
1.8566090909637276 0.5573665762616421
1.854852216935449 0.5599747861375954
1.8530871494727534 0.562577458218437
1.851313906031037 0.5651745667653929
1.849532504146552 0.567766086094708
1.8477429614362322 0.5703519905779014
1.8459452955975186 0.5729322546420198
1.8441395244081846 0.57550685276989
1.8423256657261613 0.5780757595003709
1.8405037374893596 0.5806389494286055
1.8386737577154928 0.5831963972062735
1.836835744501899 0.5857480775418393
1.8349897160253617 0.5882939652008052
1.8331356905419314 0.590834035005958
1.8312736863867418 0.5933682618376205
1.8294037219738326 0.5958966206338976
1.8275258157959644 0.5984190863909269
1.8256399864244368 0.6009356341631231
1.8237462525089059 0.6034462390634262
1.821844632777197 0.605950876263548
1.8199351460351219 0.6084495209942171
1.8180178111662921 0.6109421485454231
1.816092647131933 0.6134287342666618
1.8141596729706937 0.6159092535671797
1.8122189077984618 0.6183836819162153
1.8102703708081724 0.6208519948432437
1.80831408126962 0.6233141679382166
1.8063500585292651 0.6257701768518059
1.8043783220100467 0.6282199972956423
1.802398891211186 0.6306636050425573
1.8004117857079973 0.6331009759268215
1.798417025151693 0.6355320858443841
1.7964146292691883 0.6379569107531118
1.7944046178629065 0.6403754266730259
1.7923870108105848 0.6427876096865395
1.7903618280650762 0.6451934359386934
1.788329089654152 0.6475928816373941
1.7862888156803045 0.6499859230536467
1.784241026320548 0.6523725365217911
1.782185741826219 0.6547526984397349
1.7801229825227762 0.6571263852691887
1.7780527688096004 0.6594935735358958
1.7759751211597894 0.6618542398298681
1.7738900601199603 0.6642083608056142
1.7717976063100431 0.6665559131823721
1.7696977804230771 0.6688968737443394
1.767590603225007 0.6712312193409028
1.765476095554478 0.673558926886866
1.7633542783226284 0.675879973362679
1.7612251725128827 0.6781943358146665
1.7590887991807467 0.6805019913552524
1.7569451794535955 0.6828029171631891
1.7547943345304675 0.6850970904837811
1.7526362856818538 0.6873844886291104
1.7504710542494872 0.6896650889782618
1.7482986616461313 0.6919388689775463
1.7461191293553702 0.6942058061407228
1.7439324789313948 0.6964658780492218
1.7417387319987891 0.6987190623523672
1.7395379102523172 0.7009653367675974
1.737330035456709 0.7032046790806841
1.7351151294464453 0.7054370671459531
1.732893214125539 0.7076624788865045
1.7306643114673232 0.7098808922944285
1.7284284435142294 0.7120922854310255
1.726185632377572 0.7142966364270212
1.7239359002373298 0.7164939234827833
1.721679269341925 0.7186841248685382
1.7194157620080042 0.720867218924585
1.7171454006202176 0.7230431840615095
1.7148682076309991 0.7252119987603973
1.7125842055603406 0.7273736415730485
1.7102934169955726 0.7295280911221884
1.7079958645911397 0.7316753261016784
1.7056915710683767 0.7338153252767277
1.7033805592152833 0.7359480674841035
1.7010628518862996 0.7380735316323389
1.6987384720020793 0.7401916967019436
1.696407442549264 0.7423025417456095
1.6940697865802554 0.744406045888419
1.6917255272129863 0.7465021883280519
1.6893746876306936 0.7485909483349906
1.6870172910816883 0.7506723052527245
1.6846533608791259 0.7527462384979547
1.6822829204007748 0.7548127275607988
1.6799059930887863 0.7568717520049917
1.6775226024494625 0.758923291468089
1.6751327720530242 0.7609673256616675
1.6727365255333762 0.7630038343715274
1.6703338865878752 0.7650327974578899
1.667924878977095 0.7670541948555988
1.6655095265245916 0.769068006574317
1.6630878531166675 0.7710742126987248
1.6606598827021346 0.7730727933887176
1.6582256392920791 0.7750637288796016
1.6557851469596225 0.7770469994822886
1.6533384298396854 0.7790225855834911
1.6508855121287456 0.7809904676459176
1.6484264180846029 0.7829506262084631
1.6459611720261356 0.7849030418864046
1.6434897983330623 0.7868476953715899
1.641012321445699 0.7887845674326315
1.6385287658647207 0.7907136389150937
1.6360391561509138 0.7926348907416848
1.6335435169249384 0.7945483039124438
1.6310418728670824 0.7964538595049291
1.6285342487170167 0.7983515386744058
1.6260206692735517 0.800241322654032
1.6235011593943929 0.802123192755044
1.6209757439958936 0.8039971303669405
1.6184444480528077 0.8058631169576692
1.6159072965980463 0.8077211340738067
1.6133643147224255 0.8095711633407441
1.6108155275744218 0.8114131864628658
1.608260960359922 0.8132471852237331
1.6057006383419739 0.8150731414862621
1.6031345868405367 0.8168910371929055
1.6005628312322304 0.8187008543658283
1.5979853969500855 0.8205025751070876
1.5954023094832908 0.8222961815988094
1.5928135943769408 0.8240816561033644
1.5902192772317847 0.8258589809635433
1.587619383703972 0.8276281386027312
1.5850139395047989 0.8293891115250829
1.5824029704004545 0.8311418823156935
1.5797865022117652 0.8328864336407735
1.577164560813941 0.8346227482478172
1.5745371721363166 0.8363508089657762
1.571904362162099 0.8380705987052264
1.5692661569281061 0.8397821004585397
1.5666225825245137 0.8414852973000503
1.5639736650945941 0.8431801723862224
1.5613194308344587 0.8448667089558177
1.558659905992799 0.8465448903300605
1.5559951168706272 0.8482146999128024
1.5533250898210167 0.8498761211906865
1.5506498512488387 0.8515291377333112
1.5479694276105047 0.8531737331933927
1.5452838454137028 0.8548098913069261
1.5425931312171353 0.856437595893346
1.5398973116302586 0.8580568308556876
1.5371964133130158 0.8596675801807452
1.5344904629755762 0.8612698279392308
1.5317794873780712 0.8628635582859312
1.5290635133303285 0.864448755459865
1.5263425676916071 0.8660254037844386
1.523616677370331 0.8675934876676014
1.5208858693238254 0.869152991601999
1.5181501705580487 0.8707039001651276
1.515409608127324 0.8722461980194861
1.5126642091340738 0.8737798699127285
1.5099140007285512 0.8753049006778131
1.5071590101085715 0.8768212752331537
1.504399264519243 0.8783289785827687
1.501634791252697 0.8798279958164293
1.4988656176478188 0.881318312109807
1.4960917710899775 0.8827999127246198
1.4933132790107548 0.8842727830087778
1.490530168887673 0.8857369083965293
1.4877424682439242 0.887192274408604
1.4849502046480976 0.8886388666523559
1.4821534057139083 0.8900766708219059
1.4793520990999214 0.8915056726982837
1.4765463125092804 0.8929258581495685
1.4737360736894336 0.8943372131310273
1.4709214104318593 0.8957397236852556
1.46810235057179 0.8971333759423141
1.4652789219879376 0.8985181561198672
1.462451152602218 0.8998940505233182
1.4596190703794754 0.9012610455459449
1.456782703327205 0.902619127669034
1.4539420794952762 0.903968283462016
1.4510972269756548 0.9053084995825967
1.4482481739021262 0.9066397627768894
1.4453949484500168 0.9079620598795461
1.442537578835915 0.9092753778138883
1.4396760933173909 0.9105797035920355
1.4368105201927206 0.9118750243150338
1.433940887800603 0.9131613271729834
1.4310672245198803 0.9144385994451657
1.428189558769258 0.9157068285001692
1.4253079190070232 0.9169660017960134
1.4224223337307638 0.918216106880274
1.4195328314770859 0.9194571313902055
1.4166394408213325 0.9206890630528631
1.4137421903773 0.9219118896852251
1.4108411087969561 0.9231255991943124
1.4079362247701555 0.9243301795773083
1.405027567024357 0.925525618921678
1.4021151643243392 0.9267119054052849
1.3991990454719154 0.9278890272965093
1.39627923930565 0.9290569729543627
1.3933557747005723 0.9302157308286043
1.3904286805678907 0.9313652894598542
1.387497985854708 0.9325056374797075
1.3845637195437344 0.9336367636108461
1.3816259106530004 0.9347586566671511
1.3786845882355714 0.935871305553812
1.3757397813792578 0.936974699267438
1.3727915192063305 0.9380688268961658
1.3698398308732302 0.9391536776197678
1.3668847455702806 0.9402292407097589
1.3639262925213993 0.9412955055295033
1.3609645009838083 0.9423524615343186
1.3579994002477458 0.9434000982715812
1.3550310196361757 0.9444384053808289
1.3520593885044974 0.9454673725938635
1.3490845362402561 0.9464869897348525
1.3461064922628523 0.9474972467204298
1.3431252860232497 0.9484981335597952
1.3401409470036856 0.9494896403548133
1.3371535047173781 0.9504717573001115
1.3341629887082347 0.9514444746831766
1.3311694285505602 0.9524077828844514
1.3281728538487638 0.9533616723774293
1.3251732942370669 0.9543061337287488
1.3221707793792092 0.9552411575982869
1.3191653389681572 0.956166734739251
1.316157002725808 0.9570828559982708
1.3131458004026972 0.9579895123154889
1.3101317617777037 0.9588866947246497
1.3071149166577563 0.959774394353189
1.3040952948775375 0.9606526024223211
1.3010729262991898 0.9615213102471255
1.2980478408120195 0.9623805092366334
1.2950200683322015 0.9632301908939126
1.2919896388024832 0.9640703468161507
1.288956582191889 0.964900968694739
1.2859209284954225 0.9657220483153546
1.2828827077337719 0.9665335775580414
1.2798419499530116 0.9673355483972902
1.2767986852243054 0.9681279529021187
1.2737529436436092 0.9689107832361495
1.270704755331374 0.9696840316576876
1.2676541504322463 0.970447690519797
1.2646011591147719 0.9712017522703763
1.261545811571097 0.9719462094522336
1.2584881380166686 0.97268105470316
1.255428168689937 0.9734062807560027
1.252365933852056 0.9741218804387363
1.2493014637865842 0.9748278466745341
1.2462347887991845 0.9755241724818388
1.243165939217326 0.9762108509744296
1.2400949453899826 0.9768878753614926
1.2370218376873332 0.9775552389476863
1.2339466465004623 0.9782129351332084
1.2308694022410578 0.9788609574138615
1.227790135341112 0.9794992993811165
1.22470887625262 0.9801279547221766
1.221625655447277 0.9807469172200396
1.2185405034161798 0.9813561807535595
1.2154534506695234 0.9819557392975067
1.212364527736299 0.9825455869226277
1.2092737651639938 0.9831257177957042
1.2061811935182867 0.9836961261796101
1.2030868433827486 0.9842568064333687
1.1999907453585372 0.984807753012208
1.1968929300640967 0.9853489604676164
1.1937934281348532 0.9858804234473958
1.190692270222913 0.9864021366957145
1.1875894869967591 0.98691409505316
1.1844851091409478 0.9874162934567889
1.1813791673558047 0.9879087269401781
1.1782716923571226 0.9883913906334728
1.175162714875856 0.9888642797634357
1.1720522656578185 0.9893273896534935
1.1689403754633778 0.9897807157237835
1.1658270750671524 0.9902242534911985
1.1627123952577068 0.9906579985694317
1.1595963668372467 0.9910819466690196
1.1564790206213147 0.9914960935973848
1.1533603874384857 0.9919004352588768
1.150240498130062 0.9922949676548137
1.1471193835497682 0.9926796868835203
1.1439970745634456 0.9930545891403677
1.140873602048748 0.9934196707178107
1.1377489968948353 0.9937749280054242
1.134623290002069 0.9941203574899392
1.1314965122817053 0.9944559557552776
1.128368694655591 0.9947817194825853
1.1252398680558566 0.995097645450266
1.1221100634246108 0.9954037305340125
1.1189793117136342 0.9956999717068377
1.1158476438840734 0.9959863660391044
1.1127150909061354 0.9962629106985544
1.1095816837587797 0.9965296029503367
1.106447453429414 0.9967864401570343
1.1033124309135864 0.9970334197786902
1.100176647214679 0.9972705393728327
1.0970401333436017 0.9974977965944997
1.0939029203184854 0.9977151891962615
1.0907650391643753 0.9979227150282433
1.0876265209129232 0.9981203720381463
1.0844873966020827 0.9983081582712682
1.0813476972758 0.9984860718705224
1.0782074539837079 0.9986541110764564
1.075066697780819 0.9988122742272691
1.071925459727218 0.9989605597588275
1.0687837708877552 0.9990989662046814
1.0656416623317384 0.9992274921960794
1.062499165132626 0.9993461364619809
1.0593563103677206 0.9994548978290693
1.0562131291178602 0.9995537752217638
1.053069652467112 0.9996427676622299
1.049925911502464 0.9997218742703887
1.0467819373135183 0.9997910942639262
1.0436377609921843 0.9998504269583004
1.040493413632369 0.9998998717667489
1.0373489263296716 0.9999394282002937
1.034204330181075 0.9999690958677468
1.031059656284639 0.999988874475714
1.0279149357391915 0.9999987638285974
1.0247701996440224 0.9999987638285974
1.0216254790985748 0.999988874475714
1.0184808052021388 0.9999690958677468
1.0153362090535423 0.9999394282002937
1.012191721750845 0.9998998717667489
1.0090473743910295 0.9998504269583004
1.0059031980696953 0.9997910942639262
1.0027592238807501 0.9997218742703887
0.999615482916102 0.9996427676622299
0.9964720062653537 0.9995537752217638
0.9933288250154934 0.9994548978290693
0.990185970250588 0.9993461364619809
0.9870434730514757 0.9992274921960794
0.9839013644954587 0.9990989662046815
0.9807596756559958 0.9989605597588275
0.9776184376023949 0.9988122742272691
0.974477681399506 0.9986541110764564
0.971337438107414 0.9984860718705224
0.9681977387811312 0.9983081582712682
0.9650586144702905 0.9981203720381463
0.9619200962188388 0.9979227150282433
0.9587822150647285 0.9977151891962615
0.9556450020396122 0.9974977965944997
0.9525084881685351 0.9972705393728327
0.9493727044696276 0.9970334197786902
0.9462376819537999 0.9967864401570343
0.9431034516244342 0.9965296029503368
0.9399700444770787 0.9962629106985544
0.9368374914991404 0.9959863660391044
0.9337058236695798 0.9956999717068377
0.9305750719586031 0.9954037305340125
0.9274452673273573 0.995097645450266
0.9243164407276228 0.9947817194825853
0.9211886231015086 0.9944559557552776
0.9180618453811451 0.9941203574899393
0.9149361384883786 0.9937749280054242
0.9118115333344661 0.9934196707178107
0.9086880608197684 0.9930545891403677
0.9055657518334459 0.9926796868835203
0.9024446372531519 0.9922949676548137
0.8993247479447283 0.991900435258877
0.8962061147618994 0.9914960935973848
0.8930887685459674 0.9910819466690197
0.8899727401255071 0.9906579985694317
0.8868580603160615 0.9902242534911986
0.883744759919836 0.9897807157237835
0.8806328697253955 0.9893273896534935
0.877522420507358 0.9888642797634357
0.8744134430260913 0.9883913906334728
0.8713059680274091 0.9879087269401781
0.8682000262422661 0.9874162934567889
0.8650956483864547 0.98691409505316
0.8619928651603008 0.9864021366957146
0.8588917072483608 0.9858804234473958
0.8557922053191174 0.9853489604676166
0.8526943900246767 0.9848077530122081
0.8495982920004654 0.9842568064333687
0.8465039418649271 0.9836961261796101
0.8434113702192202 0.9831257177957042
0.840320607646915 0.9825455869226277
0.8372316847136907 0.9819557392975067
0.834144631967034 0.9813561807535595
0.831059479935937 0.9807469172200396
0.8279762591305941 0.9801279547221766
0.8248950000421018 0.9794992993811165
0.8218157331421562 0.9788609574138615
0.8187384888827518 0.9782129351332084
0.8156632976958808 0.9775552389476863
0.8125901899932314 0.9768878753614926
0.8095191961658879 0.9762108509744296
0.8064503465840291 0.9755241724818386
0.8033836715966297 0.9748278466745343
0.8003192015311579 0.9741218804387363
0.797256966693277 0.9734062807560027
0.7941969973665454 0.9726810547031601
0.7911393238121169 0.9719462094522336
0.788083976268442 0.9712017522703763
0.7850309849509678 0.970447690519797
0.7819803800518401 0.9696840316576877
0.7789321917396046 0.9689107832361497
0.7758864501589086 0.9681279529021188
0.7728431854302023 0.9673355483972903
0.769802427649442 0.9665335775580414
0.7667642068877913 0.9657220483153546
0.7637285531913249 0.964900968694739
0.7606954965807307 0.9640703468161507
0.7576650670510123 0.9632301908939126
0.7546372945711943 0.9623805092366335
0.751612209084024 0.9615213102471255
0.7485898405056765 0.9606526024223211
0.7455702187254577 0.9597743943531891
0.7425533736055102 0.9588866947246498
0.7395393349805168 0.9579895123154889
0.7365281326574059 0.9570828559982708
0.7335197964150567 0.956166734739251
0.7305143560040046 0.9552411575982869
0.7275118411461472 0.9543061337287488
0.7245122815344502 0.9533616723774293
0.7215157068326538 0.9524077828844515
0.7185221466749792 0.9514444746831767
0.7155316306658358 0.9504717573001116
0.7125441883795283 0.9494896403548134
0.7095598493599642 0.9484981335597952
0.7065786431203618 0.9474972467204298
0.7036005991429577 0.9464869897348525
0.7006257468787165 0.9454673725938635
0.6976541157470382 0.9444384053808289
0.694685735135468 0.9434000982715813
0.6917206343994055 0.9423524615343186
0.6887588428618147 0.9412955055295033
0.6858003898129332 0.9402292407097589
0.6828453045099837 0.9391536776197678
0.6798936161768834 0.9380688268961659
0.6769453540039561 0.936974699267438
0.6740005471476427 0.935871305553812
0.6710592247302134 0.9347586566671511
0.6681214158394796 0.9336367636108462
0.6651871495285059 0.9325056374797075
0.6622564548153234 0.9313652894598542
0.6593293606826418 0.9302157308286043
0.6564058960775638 0.9290569729543628
0.6534860899112983 0.9278890272965093
0.6505699710588747 0.926711905405285
0.6476575683588568 0.925525618921678
0.6447489106130584 0.9243301795773083
0.6418440265862579 0.9231255991943124
0.6389429450059139 0.9219118896852251
0.6360456945618815 0.9206890630528631
0.633152303906128 0.9194571313902055
0.6302628016524502 0.9182161068802741
0.6273772163761907 0.9169660017960134
0.6244955766139559 0.9157068285001692
0.6216179108633335 0.9144385994451658
0.6187442475826108 0.9131613271729834
0.615874615190493 0.9118750243150338
0.613009042065823 0.9105797035920355
0.6101475565472994 0.9092753778138885
0.6072901869331973 0.9079620598795463
0.6044369614810876 0.9066397627768894
0.6015879084075594 0.9053084995825968
0.5987430558879379 0.9039682834620161
0.5959024320560087 0.902619127669034
0.5930660650037385 0.9012610455459448
0.5902339827809958 0.8998940505233182
0.5874062133952764 0.8985181561198673
0.5845827848114238 0.8971333759423141
0.5817637249513544 0.8957397236852555
0.57894906169378 0.8943372131310272
0.5761388228739338 0.8929258581495686
0.5733330362832929 0.891505672698284
0.570531729669306 0.890076670821906
0.567734930735116 0.8886388666523559
0.56494266713929 0.8871922744086042
0.562154966495541 0.8857369083965294
0.5593718563724588 0.8842727830087777
0.5565933642932361 0.8827999127246197
0.553819517735395 0.881318312109807
0.5510503441305171 0.8798279958164295
0.5482858708639708 0.8783289785827686
0.5455261252746424 0.8768212752331537
0.5427711346546625 0.875304900677813
0.5400209262491404 0.8737798699127286
0.5372755272558901 0.8722461980194863
0.5345349648251655 0.8707039001651277
0.5317992660593882 0.8691529916019989
0.529068458012883 0.8675934876676015
0.526342567691607 0.8660254037844387
0.5236216220528851 0.8644487554598649
0.5209056480051425 0.8628635582859312
0.5181946724076376 0.8612698279392307
0.5154887220701985 0.8596675801807453
0.5127878237529553 0.8580568308556875
0.5100920041660784 0.856437595893346
0.5074012899695111 0.854809891306926
0.5047157077727094 0.853173733193393
0.5020352841343753 0.8515291377333113
0.4993600455621976 0.8498761211906866
0.49669001851258654 0.8482146999128024
0.49402522939041515 0.8465448903300608
0.4913657045487554 0.8448667089558178
0.4887114702886196 0.8431801723862223
0.48606255285870004 0.8414852973000503
0.4834189784551075 0.8397821004585397
0.48078077322111523 0.8380705987052266
0.4781479632468971 0.8363508089657762
0.4755205745692731 0.8346227482478175
0.4728986331714484 0.8328864336407734
0.47028216498275954 0.8311418823156937
0.4676711958784149 0.8293891115250828
0.465065751679242 0.8276281386027313
0.46246585815142915 0.8258589809635432
0.45987154100627325 0.8240816561033646
0.4572828258999232 0.8222961815988095
0.45469973843312816 0.8205025751070875
0.45212230415098353 0.8187008543658282
0.4495505485426772 0.8168910371929053
0.4469844970412401 0.8150731414862623
0.4444241750232918 0.813247185223733
0.44186960780879214 0.8114131864628659
0.43932082066078837 0.809571163340744
0.43677783878516774 0.807721134073807
0.4342406873304059 0.8058631169576692
0.43170939138732056 0.8039971303669408
0.42918397598882085 0.8021231927550438
0.426664466109662 0.800241322654032
0.4241508866661975 0.798351538674406
0.4216432625161315 0.796453859504929
0.41914161845827536 0.7945483039124438
0.41664597923229996 0.7926348907416847
0.41415636951849344 0.7907136389150938
0.41167281393751454 0.7887845674326315
0.4091953370501519 0.7868476953715902
0.4067239633570783 0.7849030418864045
0.40425871729861107 0.7829506262084633
0.40179962325446805 0.7809904676459175
0.3993467055435287 0.7790225855834914
0.3968999884235912 0.7770469994822885
0.39445949609113473 0.7750637288796015
0.39202525268107935 0.7730727933887178
0.38959728226654633 0.7710742126987247
0.3871756088586221 0.7690680065743168
0.38476025640611866 0.7670541948555987
0.38235124879533877 0.7650327974578901
0.3799486098498377 0.7630038343715273
0.3775523633301898 0.7609673256616677
0.37516253293375124 0.7589232914680889
0.3727791422944279 0.7568717520049919
0.3704022149824394 0.7548127275607989
0.3680317745040884 0.7527462384979551
0.36566784430152555 0.7506723052527244
0.3633104477525202 0.7485909483349905
0.36095960817022765 0.7465021883280522
0.3586153488029584 0.744406045888419
0.3562776928339497 0.7423025417456095
0.35394666338113445 0.7401916967019435
0.3516222834969145 0.7380735316323391
0.34930457616793065 0.7359480674841034
0.3469935643148374 0.7338153252767279
0.3446892707920741 0.7316753261016784
0.3423917183876415 0.7295280911221886
0.34010092982287343 0.7273736415730487
0.33781692775221506 0.7252119987603975
0.33553973476299603 0.7230431840615095
0.3332693733752098 0.720867218924585
0.3310058660412891 0.7186841248685384
0.32874923514588394 0.7164939234827832
0.3264995030056418 0.7142966364270211
0.3242566918689844 0.7120922854310255
0.3220208239158907 0.7098808922944287
0.3197919212576745 0.7076624788865045
0.3175700059367689 0.7054370671459533
0.3153550999265047 0.703204679080684
0.313147225130897 0.7009653367675976
0.31094640338442503 0.6987190623523675
0.30875265645181926 0.696465878049222
0.30656600602784356 0.6942058061407227
0.3043864737370824 0.6919388689775462
0.30221408113372683 0.6896650889782621
0.3000488497013598 0.6873844886291103
0.2978908008527461 0.685097090483781
0.2957399559296182 0.6828029171631891
0.2935963362024674 0.6805019913552526
0.29145996287033105 0.6781943358146664
0.2893308570605858 0.6758799733626794
0.2872090398287359 0.6735589268868659
0.285094532158207 0.671231219340903
0.28298735496013694 0.6688968737443396
0.28088752907317094 0.6665559131823723
0.27879507526325353 0.6642083608056141
0.27671001422342434 0.661854239829868
0.2746323665736138 0.659493573535896
0.2725621528604374 0.6571263852691885
0.27049939355699504 0.6547526984397352
0.268444109062666 0.652372536521791
0.26639631970290956 0.6499859230536469
0.2643560457290619 0.647592881637394
0.2623233073181378 0.6451934359386936
0.2602981245726289 0.6427876096865394
0.25828051752030756 0.6403754266730263
0.2562705061140258 0.637956910753112
0.25426811023152096 0.6355320858443844
0.2522733496752164 0.6331009759268214
0.25028624417202794 0.6306636050425571
0.2483068133731675 0.6282199972956425
0.24633507685394862 0.6257701768518059
0.24437105411359406 0.6233141679382169
0.2424147645750413 0.6208519948432436
0.24046622758475222 0.6183836819162155
0.23852546241252026 0.6159092535671796
0.2365924882512811 0.613428734266662
0.2346673242169216 0.610942148545423
0.2327499893480922 0.6084495209942173
0.23084050260601707 0.6059508762635483
0.2289388828743082 0.6034462390634264
0.2270451489587768 0.600935634163123
0.22515931958724944 0.5984190863909268
0.22328141340938146 0.5958966206338978
0.22141144899647203 0.5933682618376204
0.2195494448412828 0.5908340350059582
0.21769541935785197 0.5882939652008051
0.21584939088131505 0.5857480775418396
0.21401137766772105 0.5831963972062734
0.21218139789385426 0.5806389494286057
0.21035946965705243 0.5780757595003708
0.20854561097502933 0.5755068527698903
0.20673983978569543 0.57293225464202
0.2049421739469819 0.5703519905779018
0.20315263123666172 0.567766086094708
0.20137122935217677 0.5651745667653928
0.19959798591046063 0.5625774582184373
0.19783291844776474 0.5599747861375953
0.19607604441948634 0.5573665762616423
0.19432738119999338 0.5547528543841171
0.19258694608245552 0.5521336463530705
0.19085475627867055 0.5495089780708061
0.18913082891889643 0.5468788754936277
0.18741518105167965 0.5442433646315791
0.18570782964368893 0.5416024715481903
0.1840087915795452 0.5389562223602166
0.1823180836616568 0.5363046432373828
0.180635722610051 0.5336477604021225
0.17896172506221064 0.5309856001293203
0.17729610757290915 0.5283181887460516
0.17563888661404548 0.5256455526313207
0.173990078574483 0.5229677182158027
0.17234969975988623 0.520284711981579
0.17071776639256042 0.5175965604618786
0.1690942946112901 0.5149032902408127
0.16747930047118098 0.5122049279531146
0.16587279994349924 0.5095015002838733
0.1642748089155156 0.5067930339682728
0.16268534319034644 0.5040795557913248
0.1611044184867988 0.5013610925876062
0.15953205043921415 0.4986376712409917
0.15796825459731423 0.4959093186843895
0.15641304642604736 0.49317606189947455
0.1548664413054346 0.49043792791642055
0.15332845453041888 0.48769494381363476
0.15179910131071273 0.4849471367174878
0.15027839677064891 0.482194533802048
0.14876635594902932 0.47943716228880984
0.14726299379897823 0.47667504944642775
0.14576832518779226 0.47390822259044324
0.1442823648967957 0.4711367090830182
0.1428051276211918 0.46836053633266067
0.14133662796991953 0.46557973179395706
0.1398768804655084 0.46279432296729917
0.13842589954393392 0.46000433739861096
0.13698369955447676 0.4572098026790793
0.13555029475957858 0.45441074644487744
0.1341256993347033 0.4516071963768953
0.13270992736819476 0.4487991802004622
0.1313029928611391 0.44598672568507625
0.12990490972722524 0.44316986064412617
0.1285156917926079 0.44034861293461963
0.12713535279577015 0.43752301045690445
0.12576390638738877 0.434693081154396
0.12440136613019748 0.4318588530132975
0.12304774549885455 0.4290203540623264
0.12170305787980895 0.42617761237243545
0.12036731657116706 0.4233306560565344
0.11904053478256271 0.4204795132692145
0.11772272563502506 0.41762421220646695
0.11641390216085024 0.41476478110540727
0.11511407730347123 0.4119012482439927
0.11382326391733089 0.40903364194074615
0.11254147476775367 0.4061619905544725
0.11126872253082098 0.40328632248398155
0.11000501979324384 0.40040666616780396
0.1087503790522405 0.3975230500839133
0.1075048127154109 0.394635502749441
0.10626833310061556 0.3917440527203973
0.10504095243585299 0.3888487285913877
0.1038226828591382 0.38594955899532873
0.10261353641838444 0.38304657260316793
0.10141352507128187 0.3801397981235967
0.10022266068518115 0.37722926430277015
0.09904095503697463 0.37431499992401895
0.09786841981298133 0.3713970338075684
0.09670506660882983 0.36847539481025
0.09555090692934498 0.36555011182521935
0.09440595218843306 0.36262121378166706
0.09327021370896971 0.3596887296445361
0.09214370272268713 0.3567526884142319
0.09102643037006408 0.35381311912633867
0.08991840770021464 0.3508700508513307
0.08881964567077949 0.3479235126942839
0.08773015514781768 0.3449735337945907
0.0866499469056986 0.34202014332566877
0.0855790316269961 0.3390633704946755
0.08451741990238204 0.33610324454221613
0.08346512223052283 0.33313979474205785
0.08242214901797407 0.3301730504008369
0.0813885105790787 0.32720304085777197
0.08036421713586461 0.3242297954843711
0.07934927881794374 0.3212533436841441
0.07834370566241156 0.3182737148923087
0.0773475076137482 0.31529093857550244
0.07636069452371996 0.3123050442314897
0.0753832761512816 0.3093160613888689
0.07441526216248051 0.3063240196067837
0.07345666213036017 0.30332894847462666
0.07250748553486663 0.30033087761175076
0.07156774176275338 0.2973298366671724
0.07063744010749007 0.29432585531928207
0.06971658976916917 0.2913189632755473
0.06880519985441613 0.2883091902722222
0.06790327937629825 0.2852965660740499
0.06701083725423684 0.2822811204739721
0.06612788231391753 0.2792628832928303
0.06525442328720421 0.2762418843790744
0.06439046881205224 0.2732181536084661
0.06353602743242259 0.2701917208837821
0.06269110759819829 0.2671626161345216
0.061855717665099896 0.26413086931660634
0.061029865894603685 0.26109651041208853
0.06021356045385895 0.2580595694288503
0.05940680941560872 0.25502007640031077
0.05860962075810816 0.2519780613851253
0.0578220023650472 0.248933554466892
0.05704396202547146 0.24588658575385042
0.05627550743370624 0.24283718537858753
0.05551664618927932 0.23978538349773615
0.0547673857968467 0.23673121029167973
0.054027733666118016 0.23367469596425267
0.053297697111783116 0.2306158707424402
0.05257728335344014 0.22755476487608264
0.05186649951552369 0.22449140863757266
0.05116535262723487 0.22142583232155943
0.05047384962247081 0.21835806624464554
0.0497919973397577 0.21528814074509064
0.04911980252218129 0.21221608618250803
0.048457271817321956 0.20914193293756772
0.047804411777187306 0.20606571141169272
0.047161228858148996 0.20298745202676172
0.04652772942087757 0.1999071852248048
0.045903919730280185 0.1968249414677054
0.045289805955438855 0.19374075123689788
0.04468539416954875 0.1906546450330646
0.04409069034985891 0.1875666533758374
0.043505700377612144 0.1844768068034924
0.04293043003798824 0.18138513587265137
0.04236488502004543 0.17829167115797606
0.04180907091666497 0.1751964432518693
0.04126299322449545 0.17209948276416917
0.040726657343898576 0.16900082032184946
0.040200068578895465 0.16590048656871353
0.039683232137115 0.16279851216509475
0.03917615312974121 0.15969492778754962
0.03867883657146365 0.15658976412855768
0.03819128738042743 0.1534830518962165
0.03771351037818427 0.15037482181393674
0.03724551028964562 0.14726510462014142
0.03678729174303497 0.14415393106795837
0.03633885926984315 0.14104133192491963
0.03590021730478232 0.1379273379726537
0.03547137018574331 0.13481198000658456
0.035052322153751536 0.13169528883562376
0.034643077352926266 0.12857729528186904
0.034243639830438544 0.12545803018029622
0.03385401353647188 0.12233752437845719
0.03347420232418319 0.11921580873617357
0.0331042099496639 0.11609291412523025
0.03274404007190401 0.1129688714290731
0.03239369625275468 0.10984371154250007
0.032053181956893995 0.10671746537135919
0.03172250055179204 0.10359016383223939
0.031401655307678134 0.10046183785216828
0.03109064939750783 0.09733251836830274
0.03078948589693231 0.09420223632762662
0.030498167784267283 0.09107102268664097
0.030216697940464 0.08793890841106165
0.0299450791490804 0.08480592447550937
0.02968331409625402 0.08167210186320663
0.0294314053706749 0.07853747156566984
0.029189355463560496 0.07540206458240162
0.028957166768630693 0.07226591192058726
0.02873484158208428 0.0691290445947846
0.028522382102576183 0.0659914936266208
0.028319790431195813 0.06285329004448204
0.02812706857144609 0.059714464883210215
0.0279442184292239 0.05657504918379248
0.027771241812800995 0.05343507399305779
0.02760814043280635 0.05029457036336635
0.027454915902209054 0.04715356935230607
0.027311569736302554 0.044012102022381865
0.02717810335268911 0.040870199440711574
0.02705451807126691 0.037727892678717415
0.026940815114215644 0.03458521281181734
0.026836995605985403 0.03144219091912087
0.026743060573285238 0.028298858083118154
0.02665901094507317 0.025155245389376153
0.02658484755254631 0.022011383926227663
0.026520571129133752 0.01886730478446743
0.026466182310488584 0.015723039057041133
0.026421681634481442 0.012578617838741432
0.026387069541195962 0.009434072225896924
0.026362346372923673 0.00628943331606816
0.026347512374160997 0.003144732207736565
0.026342567691606922 0.0
