2.04708405469849 1.2246467991473532e-16
2.047079110015936 0.0031447322077366876
2.0470642760171733 0.006289433316067838
2.0470395528489016 0.009434072225897046
2.047004940755616 0.012578617838741112
2.0469604400796086 0.015723039057041255
2.0469060512609634 0.018867304784467107
2.046841774837551 0.022011383926227784
2.0467676114450244 0.02515524538937583
2.0466835618168124 0.028298858083118276
2.0465896267841117 0.03144219091912055
2.0464858072758814 0.034585212811817465
2.0463721043188308 0.03772789267871709
2.046248519037408 0.04087019944071169
2.0461150526537946 0.04401210202238198
2.0459717064878884 0.047153569352305746
2.0458184819572907 0.05029457036336647
2.045655380577297 0.05343507399305747
2.0454824039608734 0.0565750491837926
2.0452995538186514 0.059714464883209896
2.0451068319589014 0.06285329004448216
2.0449042402875213 0.06599149362662048
2.044691780808013 0.06912904459478472
2.044469455621467 0.07226591192058694
2.0442372669265367 0.07540206458240174
2.0439952170194227 0.07853747156566952
2.043743308293843 0.08167210186320675
2.0434815432410174 0.0848059244755095
2.0432099244496333 0.08793890841106132
2.04292845460583 0.09107102268664109
2.0426371364931653 0.0942022363276263
2.042335972992589 0.09733251836830287
2.042024967082419 0.10046183785216796
2.041704121838305 0.10359016383223951
2.041373440433204 0.10671746537135887
2.0410329261373423 0.1098437115425002
2.040682582318193 0.11296887142907278
2.0403224124404336 0.11609291412523036
2.039952420065914 0.11921580873617325
2.039572608853626 0.12233752437845731
2.039182982559659 0.12545803018029636
2.0387835450371714 0.12857729528186873
2.038374300236346 0.13169528883562387
2.0379552522043545 0.13481198000658426
2.0375264050853152 0.13792733797265383
2.0370877631202546 0.14104133192491933
2.0366393306470627 0.14415393106795849
2.0361811121004516 0.1472651046201411
2.035713112011913 0.15037482181393688
2.03523533500967 0.1534830518962162
2.0347477858186336 0.15658976412855782
2.034250469260356 0.15969492778754932
2.0337433902529822 0.16279851216509442
2.033226553811202 0.16590048656871365
2.0326999650461985 0.16900082032184913
2.032163629165602 0.17209948276416928
2.031617551473432 0.175196443251869
2.0310617373700524 0.17829167115797617
2.0304961923521088 0.18138513587265107
2.0299209220124856 0.18447680680349254
2.0293359320402384 0.18756665337583708
2.0287412282205484 0.1906546450330647
2.0281368164346585 0.19374075123689757
2.027522702659817 0.19682494146770554
2.0268988929692195 0.19990718522480447
2.026265393531949 0.2029874520267614
2.0256222106129105 0.20606571141169286
2.0249693505727757 0.20914193293756742
2.024306819867916 0.21221608618250815
2.02363462505034 0.21528814074509034
2.022952772767627 0.21835806624464565
2.022261269762863 0.22142583232155913
2.0215601228745737 0.22449140863757278
2.0208493390366575 0.22755476487608234
2.020128925278314 0.23061587074244033
2.0193988887239795 0.23367469596425236
2.0186592365932507 0.23673121029167987
2.0179099762008184 0.23978538349773584
2.017151114956391 0.24283718537858723
2.016382660364626 0.24588658575385056
2.0156046200250506 0.2489335544668917
2.0148170016319895 0.2519780613851254
2.014019812974489 0.25502007640031044
2.0132130619362387 0.25805956942885044
2.0123967564954937 0.2610965104120882
2.011570904724998 0.26413086931660645
2.0107355147918993 0.26716261613452125
2.0098905949576746 0.27019172088378224
2.0090361535780454 0.2732181536084662
2.0081721991028934 0.2762418843790745
2.0072987400761804 0.27926288329282994
2.006415785135861 0.28228112047397175
2.005523343013799 0.28529656607405
2.0046214225356813 0.28830919027222185
2.003710032620928 0.29131896327554746
2.0027891822826076 0.2943258553192818
2.001858880627344 0.2973298366671725
2.000919136855231 0.3003308776117504
1.9999699602597374 0.3033289484746268
1.9990113602276172 0.30632401960678335
1.9980433462388159 0.309316061388869
1.9970659278663774 0.3123050442314898
1.9960791147763493 0.31529093857550256
1.995082916727686 0.31827371489230843
1.994077343572154 0.32125334368414377
1.9930624052542327 0.3242297954843712
1.9920381118110189 0.3272030408577717
1.9910044733721233 0.330173050400837
1.9899615001595747 0.33313979474205757
1.9889092024877153 0.33610324454221624
1.9878475907631015 0.33906337049467516
1.9867766754843987 0.3420201433256689
1.9856964672422799 0.34497353379459045
1.984606976719318 0.347923512694284
1.9835082146898826 0.35087005085133083
1.9824001920200334 0.3538131191263388
1.9812829196674104 0.35675268841423163
1.9801564086811279 0.35968872964453574
1.9790206702016644 0.3626212137816672
1.9778757154607527 0.365550111825219
1.9767215557812676 0.3684753948102501
1.9755582025771161 0.3713970338075681
1.9743856673531228 0.37431499992401907
1.9732039617049164 0.3772292643027699
1.9720130973188155 0.38013979812359683
1.9708130859717132 0.3830465726031676
1.9696039395309592 0.38594955899532885
1.9683856699542444 0.3888487285913878
1.9671582892894819 0.3917440527203974
1.9659218096746867 0.3946355027494407
1.964676243337857 0.39752305008391303
1.9634216025968534 0.40040666616780407
1.9621578998592766 0.4032863224839813
1.9608851476223437 0.4061619905544726
1.9596033584727668 0.4090336419407459
1.958312545086626 0.4119012482439928
1.9570127202292473 0.41476478110540693
1.9557038967550724 0.41762421220646706
1.954386087607535 0.42047951326921423
1.9530593058189305 0.4233306560565345
1.9517235645102884 0.42617761237243557
1.9503788768912427 0.4290203540623265
1.9490252562599002 0.43185885301329724
1.947662716002709 0.43469308115439564
1.946291269594327 0.43752301045690456
1.9449109305974897 0.44034861293461935
1.943521712662872 0.4431698606441263
1.9421236295289586 0.44598672568507597
1.9407166950219026 0.44879918020046233
1.9393009230553944 0.451607196376895
1.9378763276305189 0.45441074644487756
1.936442922835621 0.457209802679079
1.9350007228461634 0.4600043373986111
1.933549741924589 0.4627943229672993
1.932089994420178 0.4655797317939572
1.930621494768906 0.4683605363326604
1.929144257493302 0.4711367090830179
1.927658297202305 0.47390822259044335
1.9261636285911194 0.47667504944642747
1.924660266441068 0.47943716228880995
1.9231482256194488 0.48219453380204774
1.9216275210793847 0.4849471367174879
1.9200981678596787 0.4876949438136345
1.9185601810846629 0.49043792791642066
1.9170135759640503 0.49317606189947427
1.9154583677927832 0.49590931868438953
1.9138945719508833 0.4986376712409918
1.9123222039032988 0.501361092587606
1.9107412791997513 0.5040795557913245
1.909151813474582 0.5067930339682726
1.9075538224465982 0.5095015002838734
1.9059473219189165 0.5122049279531143
1.9043323277788071 0.5149032902408128
1.9027088559975371 0.5175965604618784
1.9010769226302113 0.5202847119815791
1.8994365438156147 0.5229677182158023
1.897787735776052 0.5256455526313208
1.8961305148171885 0.5283181887460513
1.8944648973278866 0.5309856001293204
1.8927908997800464 0.5336477604021226
1.8911085387284408 0.5363046432373825
1.8894178308105525 0.5389562223602162
1.8877187927464087 0.5416024715481901
1.8860114413384177 0.5442433646315792
1.8842957934712012 0.5468788754936273
1.8825718661114268 0.5495089780708062
1.880839676307642 0.5521336463530702
1.8790992411901042 0.5547528543841173
1.8773505779706114 0.5573665762616421
1.8755937039423325 0.5599747861375954
1.873828636479637 0.562577458218437
1.8720553930379207 0.5651745667653929
1.8702739911534356 0.567766086094708
1.8684844484431158 0.5703519905779014
1.866686782604402 0.5729322546420198
1.8648810114150682 0.57550685276989
1.8630671527330451 0.5780757595003709
1.8612452244962434 0.5806389494286055
1.8594152447223764 0.5831963972062735
1.8575772315087826 0.5857480775418393
1.8557312030322455 0.5882939652008052
1.8538771775488148 0.590834035005958
1.8520151733936252 0.5933682618376205
1.8501452089807162 0.5958966206338976
1.848267302802848 0.5984190863909269
1.8463814734313206 0.6009356341631231
1.8444877395157895 0.6034462390634262
1.8425861197840805 0.605950876263548
1.8406766330420055 0.6084495209942171
1.8387592981731757 0.6109421485454231
1.8368341341388166 0.6134287342666618
1.834901159977577 0.6159092535671797
1.8329603948053454 0.6183836819162153
1.8310118578150563 0.6208519948432437
1.8290555682765037 0.6233141679382166
1.8270915455361487 0.6257701768518059
1.82511980901693 0.6282199972956423
1.8231403782180695 0.6306636050425573
1.821153272714881 0.6331009759268215
1.8191585121585767 0.6355320858443841
1.8171561162760719 0.6379569107531118
1.8151461048697901 0.6403754266730259
1.8131284978174684 0.6427876096865395
1.81110331507196 0.6451934359386934
1.8090705766610353 0.6475928816373941
1.8070303026871881 0.6499859230536467
1.8049825133274313 0.6523725365217911
1.8029272288331026 0.6547526984397349
1.80086446952966 0.6571263852691887
1.7987942558164838 0.6594935735358958
1.7967166081666732 0.6618542398298681
1.794631547126844 0.6642083608056142
1.7925390933169265 0.6665559131823721
1.7904392674299607 0.6688968737443394
1.7883320902318907 0.6712312193409028
1.7862175825613615 0.673558926886866
1.7840957653295118 0.675879973362679
1.7819666595197663 0.6781943358146665
1.7798302861876303 0.6805019913552524
1.7776866664604791 0.6828029171631891
1.7755358215373513 0.6850970904837811
1.7733777726887376 0.6873844886291104
1.7712125412563708 0.6896650889782618
1.769040148653015 0.6919388689775463
1.7668606163622538 0.6942058061407228
1.7646739659382784 0.6964658780492218
1.7624802190056725 0.6987190623523672
1.7602793972592006 0.7009653367675974
1.7580715224635928 0.7032046790806841
1.7558566164533287 0.7054370671459531
1.753634701132423 0.7076624788865045
1.751405798474207 0.7098808922944285
1.749169930521113 0.7120922854310255
1.7469271193844558 0.7142966364270212
1.7446773872442134 0.7164939234827833
1.7424207563488086 0.7186841248685382
1.7401572490148876 0.720867218924585
1.7378868876271014 0.7230431840615095
1.7356096946378827 0.7252119987603973
1.7333256925672242 0.7273736415730485
1.7310349040024562 0.7295280911221884
1.7287373515980233 0.7316753261016784
1.7264330580752605 0.7338153252767277
1.7241220462221667 0.7359480674841035
1.7218043388931832 0.7380735316323389
1.7194799590089629 0.7401916967019436
1.7171489295561477 0.7423025417456095
1.714811273587139 0.744406045888419
1.7124670142198701 0.7465021883280519
1.7101161746375773 0.7485909483349906
1.7077587780885717 0.7506723052527245
1.7053948478860093 0.7527462384979547
1.7030244074076584 0.7548127275607988
1.7006474800956697 0.7568717520049917
1.698264089456346 0.758923291468089
1.6958742590599079 0.7609673256616675
1.6934780125402595 0.7630038343715274
1.691075373594759 0.7650327974578899
1.688666365983979 0.7670541948555988
1.6862510135314752 0.769068006574317
1.6838293401235511 0.7710742126987248
1.6814013697090184 0.7730727933887176
1.6789671262989627 0.7750637288796016
1.6765266339665061 0.7770469994822886
1.674079916846569 0.7790225855834911
1.6716269991356294 0.7809904676459176
1.6691679050914867 0.7829506262084631
1.666702659033019 0.7849030418864046
1.6642312853399457 0.7868476953715899
1.661753808452583 0.7887845674326315
1.6592702528716041 0.7907136389150937
1.6567806431577974 0.7926348907416848
1.654285003931822 0.7945483039124438
1.651783359873966 0.7964538595049291
1.6492757357239 0.7983515386744058
1.6467621562804353 0.800241322654032
1.6442426464012765 0.802123192755044
1.6417172310027772 0.8039971303669405
1.6391859350596916 0.8058631169576692
1.6366487836049302 0.8077211340738067
1.634105801729309 0.8095711633407441
1.6315570145813056 0.8114131864628658
1.6290024473668054 0.8132471852237331
1.6264421253488577 0.8150731414862621
1.62387607384742 0.8168910371929055
1.6213043182391138 0.8187008543658283
1.6187268839569693 0.8205025751070876
1.6161437964901746 0.8222961815988094
1.6135550813838244 0.8240816561033644
1.610960764238668 0.8258589809635433
1.6083608707108557 0.8276281386027312
1.6057554265116825 0.8293891115250829
1.6031444574073381 0.8311418823156935
1.600527989218649 0.8328864336407735
1.5979060478208245 0.8346227482478172
1.5952786591432002 0.8363508089657762
1.5926458491689826 0.8380705987052264
1.59000764393499 0.8397821004585397
1.5873640695313973 0.8414852973000503
1.5847151521014777 0.8431801723862224
1.5820609178413425 0.8448667089558177
1.5794013929996826 0.8465448903300605
1.5767366038775108 0.8482146999128024
1.5740665768279 0.8498761211906865
1.5713913382557225 0.8515291377333112
1.5687109146173883 0.8531737331933927
1.5660253324205862 0.8548098913069261
1.563334618224019 0.856437595893346
1.560638798637142 0.8580568308556876
1.5579379003198992 0.8596675801807452
1.5552319499824596 0.8612698279392308
1.5525209743849548 0.8628635582859312
1.5498050003372124 0.864448755459865
1.5470840546984908 0.8660254037844386
1.5443581643772146 0.8675934876676014
1.5416273563307092 0.869152991601999
1.5388916575649323 0.8707039001651276
1.5361510951342077 0.8722461980194861
1.5334056961409572 0.8737798699127285
1.5306554877354348 0.8753049006778131
1.527900497115455 0.8768212752331537
1.5251407515261264 0.8783289785827687
1.5223762782595807 0.8798279958164293
1.5196071046547024 0.881318312109807
1.516833258096861 0.8827999127246198
1.5140547660176387 0.8842727830087778
1.511271655894557 0.8857369083965293
1.5084839552508078 0.887192274408604
1.5056916916549812 0.8886388666523559
1.5028948927207917 0.8900766708219059
1.5000935861068048 0.8915056726982837
1.497287799516164 0.8929258581495685
1.4944775606963174 0.8943372131310273
1.491662897438743 0.8957397236852556
1.4888438375786737 0.8971333759423141
1.4860204089948212 0.8985181561198672
1.4831926396091015 0.8998940505233182
1.4803605573863587 0.9012610455459449
1.4775241903340885 0.902619127669034
1.4746835665021598 0.903968283462016
1.4718387139825384 0.9053084995825967
1.4689896609090096 0.9066397627768894
1.4661364354569006 0.9079620598795461
1.4632790658427985 0.9092753778138883
1.4604175803242747 0.9105797035920355
1.4575520071996042 0.9118750243150338
1.4546823748074866 0.9131613271729834
1.451808711526764 0.9144385994451657
1.4489310457761417 0.9157068285001692
1.4460494060139069 0.9169660017960134
1.4431638207376474 0.918216106880274
1.4402743184839695 0.9194571313902055
1.437380927828216 0.9206890630528631
1.4344836773841836 0.9219118896852251
1.4315825958038395 0.9231255991943124
1.428677711777039 0.9243301795773083
1.4257690540312407 0.925525618921678
1.4228566513312229 0.9267119054052849
1.419940532478799 0.9278890272965093
1.4170207263125336 0.9290569729543627
1.4140972617074559 0.9302157308286043
1.4111701675747743 0.9313652894598542
1.4082394728615917 0.9325056374797075
1.405305206550618 0.9336367636108461
1.4023673976598843 0.9347586566671511
1.3994260752424548 0.935871305553812
1.3964812683861414 0.936974699267438
1.393533006213214 0.9380688268961658
1.3905813178801139 0.9391536776197678
1.3876262325771642 0.9402292407097589
1.384667779528283 0.9412955055295033
1.3817059879906919 0.9423524615343186
1.3787408872546296 0.9434000982715812
1.3757725066430593 0.9444384053808289
1.372800875511381 0.9454673725938635
1.3698260232471398 0.9464869897348525
1.3668479792697357 0.9474972467204298
1.3638667730301333 0.9484981335597952
1.3608824340105692 0.9494896403548133
1.3578949917242618 0.9504717573001115
1.3549044757151183 0.9514444746831766
1.3519109155574438 0.9524077828844514
1.3489143408556474 0.9533616723774293
1.3459147812439505 0.9543061337287488
1.3429122663860928 0.9552411575982869
1.3399068259750408 0.956166734739251
1.3368984897326917 0.9570828559982708
1.3338872874095806 0.9579895123154889
1.3308732487845873 0.9588866947246497
1.3278564036646399 0.959774394353189
1.324836781884421 0.9606526024223211
1.3218144133060734 0.9615213102471255
1.3187893278189031 0.9623805092366334
1.3157615553390851 0.9632301908939126
1.312731125809367 0.9640703468161507
1.3096980691987725 0.964900968694739
1.3066624155023063 0.9657220483153546
1.3036241947406555 0.9665335775580414
1.3005834369598952 0.9673355483972902
1.297540172231189 0.9681279529021187
1.2944944306504929 0.9689107832361495
1.2914462423382576 0.9696840316576876
1.2883956374391299 0.970447690519797
1.2853426461216555 0.9712017522703763
1.2822872985779805 0.9719462094522336
1.2792296250235522 0.97268105470316
1.2761696556968205 0.9734062807560027
1.2731074208589397 0.9741218804387363
1.2700429507934679 0.9748278466745341
1.266976275806068 0.9755241724818388
1.2639074262242096 0.9762108509744296
1.2608364323968662 0.9768878753614926
1.2577633246942168 0.9775552389476863
1.2546881335073456 0.9782129351332084
1.2516108892479414 0.9788609574138615
1.2485316223479959 0.9794992993811165
1.2454503632595035 0.9801279547221766
1.2423671424541607 0.9807469172200396
1.2392819904230634 0.9813561807535595
1.236194937676407 0.9819557392975067
1.2331060147431827 0.9825455869226277
1.2300152521708774 0.9831257177957042
1.2269226805251703 0.9836961261796101
1.223828330389632 0.9842568064333687
1.2207322323654208 0.984807753012208
1.2176344170709803 0.9853489604676164
1.2145349151417368 0.9858804234473958
1.2114337572297966 0.9864021366957145
1.2083309740036428 0.98691409505316
1.2052265961478315 0.9874162934567889
1.2021206543626883 0.9879087269401781
1.1990131793640062 0.9883913906334728
1.1959042018827397 0.9888642797634357
1.1927937526647021 0.9893273896534935
1.1896818624702614 0.9897807157237835
1.186568562074036 0.9902242534911985
1.1834538822645904 0.9906579985694317
1.1803378538441303 0.9910819466690196
1.177220507628198 0.9914960935973848
1.1741018744453693 0.9919004352588768
1.1709819851369456 0.9922949676548137
1.1678608705566518 0.9926796868835203
1.1647385615703292 0.9930545891403677
1.1616150890556316 0.9934196707178107
1.158490483901719 0.9937749280054242
1.1553647770089526 0.9941203574899392
1.152237999288589 0.9944559557552776
1.1491101816624747 0.9947817194825853
1.1459813550627402 0.995097645450266
1.1428515504314944 0.9954037305340125
1.1397207987205178 0.9956999717068377
1.136589130890957 0.9959863660391044
1.133456577913019 0.9962629106985544
1.1303231707656634 0.9965296029503367
1.1271889404362976 0.9967864401570343
1.12405391792047 0.9970334197786902
1.1209181342215626 0.9972705393728327
1.1177816203504853 0.9974977965944997
1.114644407325369 0.9977151891962615
1.111506526171259 0.9979227150282433
1.1083680079198068 0.9981203720381463
1.1052288836089663 0.9983081582712682
1.1020891842826837 0.9984860718705224
1.0989489409905915 0.9986541110764564
1.0958081847877026 0.9988122742272691
1.0926669467341017 0.9989605597588275
1.0895252578946388 0.9990989662046814
1.0863831493386218 0.9992274921960794
1.0832406521395097 0.9993461364619809
1.0800977973746042 0.9994548978290693
1.0769546161247439 0.9995537752217638
1.0738111394739955 0.9996427676622299
1.0706673985093476 0.9997218742703887
1.067523424320402 0.9997910942639262
1.064379247999068 0.9998504269583004
1.0612349006392525 0.9998998717667489
1.0580904133365552 0.9999394282002937
1.0549458171879587 0.9999690958677468
1.0518011432915226 0.999988874475714
1.048656422746075 0.9999987638285974
1.045511686650906 0.9999987638285974
1.0423669661054584 0.999988874475714
1.0392222922090224 0.9999690958677468
1.0360776960604259 0.9999394282002937
1.0329332087577285 0.9998998717667489
1.0297888613979134 0.9998504269583004
1.026644685076579 0.9997910942639262
1.0235007108876335 0.9997218742703887
1.0203569699229855 0.9996427676622299
1.0172134932722372 0.9995537752217638
1.014070312022377 0.9994548978290693
1.0109274572574716 0.9993461364619809
1.0077849600583593 0.9992274921960794
1.0046428515023424 0.9990989662046815
1.0015011626628794 0.9989605597588275
0.9983599246092785 0.9988122742272691
0.9952191684063896 0.9986541110764564
0.9920789251142976 0.9984860718705224
0.9889392257880149 0.9983081582712682
0.9858001014771741 0.9981203720381463
0.9826615832257224 0.9979227150282433
0.9795237020716121 0.9977151891962615
0.9763864890464958 0.9974977965944997
0.9732499751754187 0.9972705393728327
0.9701141914765112 0.9970334197786902
0.9669791689606835 0.9967864401570343
0.9638449386313178 0.9965296029503368
0.9607115314839623 0.9962629106985544
0.957578978506024 0.9959863660391044
0.9544473106764634 0.9956999717068377
0.9513165589654867 0.9954037305340125
0.9481867543342409 0.995097645450266
0.9450579277345064 0.9947817194825853
0.9419301101083922 0.9944559557552776
0.9388033323880287 0.9941203574899393
0.9356776254952622 0.9937749280054242
0.9325530203413497 0.9934196707178107
0.929429547826652 0.9930545891403677
0.9263072388403295 0.9926796868835203
0.9231861242600355 0.9922949676548137
0.9200662349516119 0.991900435258877
0.916947601768783 0.9914960935973848
0.913830255552851 0.9910819466690197
0.9107142271323907 0.9906579985694317
0.9075995473229451 0.9902242534911986
0.9044862469267196 0.9897807157237835
0.9013743567322791 0.9893273896534935
0.8982639075142416 0.9888642797634357
0.8951549300329749 0.9883913906334728
0.8920474550342927 0.9879087269401781
0.8889415132491497 0.9874162934567889
0.8858371353933383 0.98691409505316
0.8827343521671844 0.9864021366957146
0.8796331942552444 0.9858804234473958
0.876533692326001 0.9853489604676166
0.8734358770315603 0.9848077530122081
0.870339779007349 0.9842568064333687
0.8672454288718107 0.9836961261796101
0.8641528572261038 0.9831257177957042
0.8610620946537986 0.9825455869226277
0.8579731717205743 0.9819557392975067
0.8548861189739176 0.9813561807535595
0.8518009669428206 0.9807469172200396
0.8487177461374777 0.9801279547221766
0.8456364870489854 0.9794992993811165
0.8425572201490398 0.9788609574138615
0.8394799758896354 0.9782129351332084
0.8364047847027644 0.9775552389476863
0.833331677000115 0.9768878753614926
0.8302606831727715 0.9762108509744296
0.8271918335909128 0.9755241724818386
0.8241251586035133 0.9748278466745343
0.8210606885380415 0.9741218804387363
0.8179984537001606 0.9734062807560027
0.814938484373429 0.9726810547031601
0.8118808108190005 0.9719462094522336
0.8088254632753256 0.9712017522703763
0.8057724719578514 0.970447690519797
0.8027218670587237 0.9696840316576877
0.7996736787464882 0.9689107832361497
0.7966279371657922 0.9681279529021188
0.7935846724370859 0.9673355483972903
0.7905439146563256 0.9665335775580414
0.787505693894675 0.9657220483153546
0.7844700401982085 0.964900968694739
0.7814369835876143 0.9640703468161507
0.7784065540578959 0.9632301908939126
0.7753787815780779 0.9623805092366335
0.7723536960909076 0.9615213102471255
0.7693313275125601 0.9606526024223211
0.7663117057323413 0.9597743943531891
0.7632948606123938 0.9588866947246498
0.7602808219874004 0.9579895123154889
0.7572696196642895 0.9570828559982708
0.7542612834219403 0.956166734739251
0.7512558430108882 0.9552411575982869
0.7482533281530308 0.9543061337287488
0.7452537685413338 0.9533616723774293
0.7422571938395374 0.9524077828844515
0.7392636336818628 0.9514444746831767
0.7362731176727194 0.9504717573001116
0.7332856753864119 0.9494896403548134
0.7303013363668478 0.9484981335597952
0.7273201301272454 0.9474972467204298
0.7243420861498413 0.9464869897348525
0.7213672338856001 0.9454673725938635
0.7183956027539218 0.9444384053808289
0.7154272221423517 0.9434000982715813
0.7124621214062891 0.9423524615343186
0.7095003298686983 0.9412955055295033
0.7065418768198168 0.9402292407097589
0.7035867915168673 0.9391536776197678
0.700635103183767 0.9380688268961659
0.6976868410108397 0.936974699267438
0.6947420341545263 0.935871305553812
0.691800711737097 0.9347586566671511
0.6888629028463632 0.9336367636108462
0.6859286365353895 0.9325056374797075
0.682997941822207 0.9313652894598542
0.6800708476895254 0.9302157308286043
0.6771473830844474 0.9290569729543628
0.6742275769181819 0.9278890272965093
0.6713114580657583 0.926711905405285
0.6683990553657404 0.925525618921678
0.665490397619942 0.9243301795773083
0.6625855135931416 0.9231255991943124
0.6596844320127975 0.9219118896852251
0.6567871815687651 0.9206890630528631
0.6538937909130116 0.9194571313902055
0.6510042886593338 0.9182161068802741
0.6481187033830743 0.9169660017960134
0.6452370636208395 0.9157068285001692
0.6423593978702171 0.9144385994451658
0.6394857345894944 0.9131613271729834
0.6366161021973766 0.9118750243150338
0.6337505290727066 0.9105797035920355
0.630889043554183 0.9092753778138885
0.6280316739400809 0.9079620598795463
0.6251784484879712 0.9066397627768894
0.622329395414443 0.9053084995825968
0.6194845428948215 0.9039682834620161
0.6166439190628923 0.902619127669034
0.6138075520106221 0.9012610455459448
0.6109754697878794 0.8998940505233182
0.60814770040216 0.8985181561198673
0.6053242718183074 0.8971333759423141
0.602505211958238 0.8957397236852555
0.5996905487006636 0.8943372131310272
0.5968803098808174 0.8929258581495686
0.5940745232901765 0.891505672698284
0.5912732166761896 0.890076670821906
0.5884764177419997 0.8886388666523559
0.5856841541461736 0.8871922744086042
0.5828964535024246 0.8857369083965294
0.5801133433793424 0.8842727830087777
0.5773348513001197 0.8827999127246197
0.5745610047422786 0.881318312109807
0.5717918311374007 0.8798279958164295
0.5690273578708545 0.8783289785827686
0.566267612281526 0.8768212752331537
0.5635126216615461 0.875304900677813
0.560762413256024 0.8737798699127286
0.5580170142627737 0.8722461980194863
0.5552764518320491 0.8707039001651277
0.5525407530662718 0.8691529916019989
0.5498099450197667 0.8675934876676015
0.5470840546984906 0.8660254037844387
0.5443631090597687 0.8644487554598649
0.5416471350120261 0.8628635582859312
0.5389361594145212 0.8612698279392307
0.5362302090770821 0.8596675801807453
0.5335293107598389 0.8580568308556875
0.530833491172962 0.856437595893346
0.5281427769763947 0.854809891306926
0.525457194779593 0.853173733193393
0.5227767711412589 0.8515291377333113
0.5201015325690812 0.8498761211906866
0.5174315055194701 0.8482146999128024
0.5147667163972988 0.8465448903300608
0.512107191555639 0.8448667089558178
0.5094529572955032 0.8431801723862223
0.5068040398655836 0.8414852973000503
0.5041604654619911 0.8397821004585397
0.5015222602279988 0.8380705987052266
0.49888945025378073 0.8363508089657762
0.4962620615761567 0.8346227482478175
0.49364012017833203 0.8328864336407734
0.49102365198964315 0.8311418823156937
0.4884126828852985 0.8293891115250828
0.48580723868612563 0.8276281386027313
0.48320734515831276 0.8258589809635432
0.48061302801315686 0.8240816561033646
0.4780243129068068 0.8222961815988095
0.47544122544001177 0.8205025751070875
0.47286379115786714 0.8187008543658282
0.4702920355495608 0.8168910371929053
0.4677259840481237 0.8150731414862623
0.4651656620301754 0.813247185223733
0.46261109481567575 0.8114131864628659
0.460062307667672 0.809571163340744
0.45751932579205135 0.807721134073807
0.4549821743372895 0.8058631169576692
0.45245087839420417 0.8039971303669408
0.44992546299570446 0.8021231927550438
0.44740595311654563 0.800241322654032
0.4448923736730811 0.798351538674406
0.4423847495230151 0.796453859504929
0.43988310546515896 0.7945483039124438
0.43738746623918356 0.7926348907416847
0.43489785652537705 0.7907136389150938
0.43241430094439814 0.7887845674326315
0.4299368240570355 0.7868476953715902
0.4274654503639619 0.7849030418864045
0.4250002043054947 0.7829506262084633
0.42254111026135166 0.7809904676459175
0.4200881925504123 0.7790225855834914
0.4176414754304748 0.7770469994822885
0.41520098309801834 0.7750637288796015
0.41276673968796296 0.7730727933887178
0.41033876927342994 0.7710742126987247
0.40791709586550573 0.7690680065743168
0.40550174341300227 0.7670541948555987
0.4030927358022224 0.7650327974578901
0.4006900968567213 0.7630038343715273
0.39829385033707343 0.7609673256616677
0.39590401994063484 0.7589232914680889
0.3935206293013115 0.7568717520049919
0.391143701989323 0.7548127275607989
0.388773261510972 0.7527462384979551
0.38640933130840915 0.7506723052527244
0.3840519347594038 0.7485909483349905
0.38170109517711126 0.7465021883280522
0.37935683580984203 0.744406045888419
0.37701917984083333 0.7423025417456095
0.37468815038801806 0.7401916967019435
0.3723637705037981 0.7380735316323391
0.37004606317481425 0.7359480674841034
0.367735051321721 0.7338153252767279
0.36543075779895773 0.7316753261016784
0.3631332053945251 0.7295280911221886
0.36084241682975704 0.7273736415730487
0.35855841475909866 0.7252119987603975
0.35628122176987964 0.7230431840615095
0.3540108603820934 0.720867218924585
0.35174735304817273 0.7186841248685384
0.34949072215276755 0.7164939234827832
0.3472409900125254 0.7142966364270211
0.34499817887586803 0.7120922854310255
0.3427623109227743 0.7098808922944287
0.34053340826455814 0.7076624788865045
0.3383114929436525 0.7054370671459533
0.3360965869333883 0.703204679080684
0.3338887121377806 0.7009653367675976
0.33168789039130864 0.6987190623523675
0.32949414345870287 0.696465878049222
0.32730749303472717 0.6942058061407227
0.325127960743966 0.6919388689775462
0.32295556814061044 0.6896650889782621
0.3207903367082434 0.6873844886291103
0.3186322878596297 0.685097090483781
0.3164814429365018 0.6828029171631891
0.314337823209351 0.6805019913552526
0.31220144987721465 0.6781943358146664
0.3100723440674694 0.6758799733626794
0.3079505268356195 0.6735589268868659
0.3058360191650906 0.671231219340903
0.30372884196702055 0.6688968737443396
0.30162901608005455 0.6665559131823723
0.29953656227013714 0.6642083608056141
0.29745150123030795 0.661854239829868
0.2953738535804974 0.659493573535896
0.293303639867321 0.6571263852691885
0.29124088056387865 0.6547526984397352
0.28918559606954963 0.652372536521791
0.28713780670979316 0.6499859230536469
0.2850975327359455 0.647592881637394
0.2830647943250214 0.6451934359386936
0.2810396115795125 0.6427876096865394
0.27902200452719117 0.6403754266730263
0.2770119931209094 0.637956910753112
0.27500959723840457 0.6355320858443844
0.2730148366821 0.6331009759268214
0.27102773117891155 0.6306636050425571
0.2690483003800511 0.6282199972956425
0.26707656386083223 0.6257701768518059
0.26511254112047766 0.6233141679382169
0.2631562515819249 0.6208519948432436
0.26120771459163583 0.6183836819162155
0.25926694941940387 0.6159092535671796
0.2573339752581647 0.613428734266662
0.2554088112238052 0.610942148545423
0.2534914763549758 0.6084495209942173
0.2515819896129007 0.6059508762635483
0.2496803698811918 0.6034462390634264
0.24778663596566042 0.600935634163123
0.24590080659413305 0.5984190863909268
0.24402290041626507 0.5958966206338978
0.24215293600335563 0.5933682618376204
0.2402909318481664 0.5908340350059582
0.23843690636473558 0.5882939652008051
0.23659087788819866 0.5857480775418396
0.23475286467460466 0.5831963972062734
0.23292288490073787 0.5806389494286057
0.23110095666393604 0.5780757595003708
0.22928709798191294 0.5755068527698903
0.22748132679257904 0.57293225464202
0.2256836609538655 0.5703519905779018
0.22389411824354533 0.567766086094708
0.22211271635906038 0.5651745667653928
0.22033947291734424 0.5625774582184373
0.21857440545464835 0.5599747861375953
0.21681753142636995 0.5573665762616423
0.21506886820687698 0.5547528543841171
0.21332843308933913 0.5521336463530705
0.21159624328555415 0.5495089780708061
0.20987231592578004 0.5468788754936277
0.20815666805856325 0.5442433646315791
0.20644931665057253 0.5416024715481903
0.2047502785864288 0.5389562223602166
0.2030595706685404 0.5363046432373828
0.20137720961693462 0.5336477604021225
0.19970321206909425 0.5309856001293203
0.19803759457979275 0.5283181887460516
0.19638037362092908 0.5256455526313207
0.19473156558136662 0.5229677182158027
0.19309118676676984 0.520284711981579
0.19145925339944403 0.5175965604618786
0.18983578161817372 0.5149032902408127
0.1882207874780646 0.5122049279531146
0.18661428695038285 0.5095015002838733
0.1850162959223992 0.5067930339682728
0.18342683019723005 0.5040795557913248
0.1818459054936824 0.5013610925876062
0.18027353744609775 0.4986376712409917
0.17870974160419784 0.4959093186843895
0.17715453343293097 0.49317606189947455
0.1756079283123182 0.49043792791642055
0.17406994153730249 0.48769494381363476
0.17254058831759633 0.4849471367174878
0.17101988377753252 0.482194533802048
0.16950784295591292 0.47943716228880984
0.16800448080586183 0.47667504944642775
0.16650981219467587 0.47390822259044324
0.1650238519036793 0.4711367090830182
0.1635466146280754 0.46836053633266067
0.16207811497680313 0.46557973179395706
0.160618367472392 0.46279432296729917
0.15916738655081752 0.46000433739861096
0.15772518656136036 0.4572098026790793
0.1562917817664622 0.45441074644487744
0.15486718634158692 0.4516071963768953
0.15345141437507837 0.4487991802004622
0.15204447986802272 0.44598672568507625
0.15064639673410885 0.44316986064412617
0.14925717879949152 0.44034861293461963
0.14787683980265376 0.43752301045690445
0.14650539339427238 0.434693081154396
0.14514285313708108 0.4318588530132975
0.14378923250573816 0.4290203540623264
0.14244454488669256 0.42617761237243545
0.14110880357805067 0.4233306560565344
0.13978202178944632 0.4204795132692145
0.13846421264190867 0.41762421220646695
0.13715538916773384 0.41476478110540727
0.13585556431035484 0.4119012482439927
0.1345647509242145 0.40903364194074615
0.13328296177463728 0.4061619905544725
0.1320102095377046 0.40328632248398155
0.13074650680012745 0.40040666616780396
0.1294918660591241 0.3975230500839133
0.1282462997222945 0.394635502749441
0.12700982010749917 0.3917440527203973
0.1257824394427366 0.3888487285913877
0.12456416986602181 0.38594955899532873
0.12335502342526805 0.38304657260316793
0.12215501207816548 0.3801397981235967
0.12096414769206476 0.37722926430277015
0.11978244204385824 0.37431499992401895
0.11860990681986494 0.3713970338075684
0.11744655361571343 0.36847539481025
0.11629239393622859 0.36555011182521935
0.11514743919531667 0.36262121378166706
0.11401170071585331 0.3596887296445361
0.11288518972957073 0.3567526884142319
0.11176791737694769 0.35381311912633867
0.11065989470709825 0.3508700508513307
0.1095611326776631 0.3479235126942839
0.10847164215470129 0.3449735337945907
0.10739143391258221 0.34202014332566877
0.1063205186338797 0.3390633704946755
0.10525890690926565 0.33610324454221613
0.10420660923740643 0.33313979474205785
0.10316363602485767 0.3301730504008369
0.1021299975859623 0.32720304085777197
0.10110570414274822 0.3242297954843711
0.10009076582482734 0.3212533436841441
0.09908519266929516 0.3182737148923087
0.09808899462063181 0.31529093857550244
0.09710218153060357 0.3123050442314897
0.0961247631581652 0.3093160613888689
0.09515674916936412 0.3063240196067837
0.09419814913724378 0.30332894847462666
0.09324897254175024 0.30033087761175076
0.09230922876963699 0.2973298366671724
0.09137892711437368 0.29432585531928207
0.09045807677605278 0.2913189632755473
0.08954668686129974 0.2883091902722222
0.08864476638318186 0.2852965660740499
0.08775232426112045 0.2822811204739721
0.08686936932080114 0.2792628832928303
0.08599591029408782 0.2762418843790744
0.08513195581893584 0.2732181536084661
0.0842775144393062 0.2701917208837821
0.0834325946050819 0.2671626161345216
0.0825972046719835 0.26413086931660634
0.0817713529014873 0.26109651041208853
0.08095504746074256 0.2580595694288503
0.08014829642249233 0.25502007640031077
0.07935110776499177 0.2519780613851253
0.0785634893719308 0.248933554466892
0.07778544903235507 0.24588658575385042
0.07701699444058985 0.24283718537858753
0.07625813319616292 0.23978538349773615
0.07550887280373031 0.23673121029167973
0.07476922067300162 0.23367469596425267
0.07403918411866672 0.2306158707424402
0.07331877036032375 0.22755476487608264
0.0726079865224073 0.22449140863757266
0.07190683963411848 0.22142583232155943
0.07121533662935442 0.21835806624464554
0.0705334843466413 0.21528814074509064
0.0698612895290649 0.21221608618250803
0.06919875882420556 0.20914193293756772
0.06854589878407091 0.20606571141169272
0.0679027158650326 0.20298745202676172
0.06726921642776118 0.1999071852248048
0.06664540673716379 0.1968249414677054
0.06603129296232246 0.19374075123689788
0.06542688117643236 0.1906546450330646
0.06483217735674252 0.1875666533758374
0.06424718738449575 0.1844768068034924
0.06367191704487185 0.18138513587265137
0.06310637202692904 0.17829167115797606
0.06255055792354858 0.1751964432518693
0.062004480231379056 0.17209948276416917
0.06146814435078218 0.16900082032184946
0.06094155558577907 0.16590048656871353
0.060424719143998606 0.16279851216509475
0.05991764013662482 0.15969492778754962
0.059420323578347256 0.15658976412855768
0.05893277438731104 0.1534830518962165
0.058454997385067875 0.15037482181393674
0.05798699729652923 0.14726510462014142
0.057528778749918574 0.14415393106795837
0.05708034627672676 0.14104133192491963
0.05664170431166593 0.1379273379726537
0.05621285719262692 0.13481198000658456
0.055793809160635144 0.13169528883562376
0.055384564359809874 0.12857729528186904
0.05498512683732215 0.12545803018029622
0.05459550054335549 0.12233752437845719
0.054215689331066796 0.11921580873617357
0.053845696956547506 0.11609291412523025
0.05348552707878762 0.1129688714290731
0.053135183259638286 0.10984371154250007
0.0527946689637776 0.10671746537135919
0.05246398755867565 0.10359016383223939
0.05214314231456174 0.10046183785216828
0.05183213640439144 0.09733251836830274
0.05153097290381592 0.09420223632762662
0.05123965479115089 0.09107102268664097
0.05095818494734761 0.08793890841106165
0.05068656615596401 0.08480592447550937
0.05042480110313763 0.08167210186320663
0.05017289237755851 0.07853747156566984
0.0499308424704441 0.07540206458240162
0.0496986537755143 0.07226591192058726
0.04947632858896789 0.0691290445947846
0.04926386910945979 0.0659914936266208
0.04906127743807942 0.06285329004448204
0.0488685555783297 0.059714464883210215
0.04868570543610751 0.05657504918379248
0.0485127288196846 0.05343507399305779
0.04834962743968996 0.05029457036336635
0.04819640290909266 0.04715356935230607
0.04805305674318616 0.044012102022381865
0.04791959035957272 0.040870199440711574
0.047796005078150516 0.037727892678717415
0.04768230212109925 0.03458521281181734
0.04757848261286901 0.03144219091912087
0.047484547580168845 0.028298858083118154
0.04740049795195678 0.025155245389376153
0.04732633455942992 0.022011383926227663
0.04726205813601736 0.01886730478446743
0.04720766931737219 0.015723039057041133
0.04716316864136505 0.012578617838741432
0.04712855654807957 0.009434072225896924
0.04710383337980728 0.00628943331606816
0.047088999381044605 0.003144732207736565
0.04708405469849053 0.0
